20151223, 140000, Bittrex, 0.00000339
20151223, 150000, Bittrex, 0.00000339
20151223, 160000, Bittrex, 0.00000339
20151223, 170000, Bittrex, 0.00000339
20151223, 180000, Bittrex, 0.00000339
20151223, 190000, Bittrex, 0.00000339
20151223, 200000, Bittrex, 0.00000339
20151223, 210000, Bittrex, 0.00000339
20151223, 220000, Bittrex, 0.00000339
20151223, 230000, Bittrex, 0.00000339
20151224, 000000, Bittrex, 0.00000339
20151224, 010000, Bittrex, 0.00000339
20151224, 020000, Bittrex, 0.00000339
20151224, 030000, Bittrex, 0.00000339
20151224, 040000, Bittrex, 0.00000339
20151224, 050000, Bittrex, 0.00000339
20151224, 060000, Bittrex, 0.00000339
20151224, 070000, Bittrex, 0.00000339
20151224, 080000, Bittrex, 0.00000339
20151224, 090000, Bittrex, 0.00000339
20151224, 100000, Bittrex, 0.00000339
20151224, 110000, Bittrex, 0.00000339
20151224, 120000, Bittrex, 0.00000339
20151224, 130000, Bittrex, 0.00000339
20151224, 140000, Bittrex, 0.00000339
20151224, 150000, Bittrex, 0.00000339
20151224, 160000, Bittrex, 0.00000339
20151224, 170000, Bittrex, 0.00000339
20151224, 180000, Bittrex, 0.00000339
20151224, 190000, Bittrex, 0.00000339
20151224, 200000, Bittrex, 0.00000339
20151224, 210000, Bittrex, 0.00000339
20151224, 220000, Bittrex, 0.00000366
20151224, 230000, Bittrex, 0.00000366
20151225, 000000, Bittrex, 0.00000366
20151225, 010000, Bittrex, 0.00000366
20151225, 020000, Bittrex, 0.00000366
20151225, 030000, Bittrex, 0.00000366
20151225, 040000, Bittrex, 0.00000366
20151225, 050000, Bittrex, 0.00000366
20151225, 060000, Bittrex, 0.00000366
20151225, 070000, Bittrex, 0.00000366
20151225, 080000, Bittrex, 0.00000366
20151225, 090000, Bittrex, 0.00000366
20151225, 100000, Bittrex, 0.00000366
20151225, 110000, Bittrex, 0.00000364
20151225, 120000, Bittrex, 0.00000364
20151225, 130000, Bittrex, 0.00000364
20151225, 140000, Bittrex, 0.00000364
20151225, 150000, Bittrex, 0.00000364
20151225, 160000, Bittrex, 0.00000364
20151225, 170000, Bittrex, 0.00000364
20151225, 180000, Bittrex, 0.00000364
20151225, 190000, Bittrex, 0.00000364
20151225, 200000, Bittrex, 0.00000364
20151225, 210000, Bittrex, 0.00000364
20151225, 220000, Bittrex, 0.00000364
20151225, 230000, Bittrex, 0.00000364
20151226, 000000, Bittrex, 0.00000362
20151226, 010000, Bittrex, 0.00000362
20151226, 020000, Bittrex, 0.00000362
20151226, 030000, Bittrex, 0.00000362
20151226, 040000, Bittrex, 0.00000362
20151226, 050000, Bittrex, 0.00000362
20151226, 060000, Bittrex, 0.00000362
20151226, 070000, Bittrex, 0.00000362
20151226, 080000, Bittrex, 0.00000362
20151226, 090000, Bittrex, 0.00000362
20151226, 100000, Bittrex, 0.00000362
20151226, 110000, Bittrex, 0.00000362
20151226, 120000, Bittrex, 0.00000362
20151226, 130000, Bittrex, 0.00000362
20151226, 140000, Bittrex, 0.00000362
20151226, 150000, Bittrex, 0.00000362
20151226, 160000, Bittrex, 0.00000362
20151226, 170000, Bittrex, 0.00000362
20151226, 180000, Bittrex, 0.00000362
20151226, 190000, Bittrex, 0.00000362
20151226, 200000, Bittrex, 0.00000362
20151226, 210000, Bittrex, 0.00000362
20151226, 220000, Bittrex, 0.00000362
20151226, 230000, Bittrex, 0.00000362
20151227, 000000, Bittrex, 0.00000362
20151227, 010000, Bittrex, 0.00000362
20151227, 020000, Bittrex, 0.00000362
20151227, 030000, Bittrex, 0.00000362
20151227, 040000, Bittrex, 0.00000362
20151227, 050000, Bittrex, 0.00000362
20151227, 060000, Bittrex, 0.00000362
20151227, 070000, Bittrex, 0.00000362
20151227, 080000, Bittrex, 0.00000362
20151227, 090000, Bittrex, 0.00000399
20151227, 100000, Bittrex, 0.00000399
20151227, 110000, Bittrex, 0.00000399
20151227, 120000, Bittrex, 0.00000399
20151227, 130000, Bittrex, 0.00000399
20151227, 140000, Bittrex, 0.00000399
20151227, 150000, Bittrex, 0.00000399
20151227, 160000, Bittrex, 0.00000351
20151227, 170000, Bittrex, 0.00000351
20151227, 180000, Bittrex, 0.00000351
20151227, 190000, Bittrex, 0.00000351
20151227, 200000, Bittrex, 0.00000351
20151227, 210000, Bittrex, 0.00000351
20151227, 220000, Bittrex, 0.00000351
20151227, 230000, Bittrex, 0.00000351
20151228, 000000, Bittrex, 0.00000351
20151228, 010000, Bittrex, 0.00000351
20151228, 020000, Bittrex, 0.00000351
20151228, 030000, Bittrex, 0.00000351
20151228, 040000, Bittrex, 0.00000351
20151228, 050000, Bittrex, 0.00000351
20151228, 060000, Bittrex, 0.00000399
20151228, 070000, Bittrex, 0.00000399
20151228, 080000, Bittrex, 0.00000411
20151228, 090000, Bittrex, 0.00000411
20151228, 100000, Bittrex, 0.00000411
20151228, 110000, Bittrex, 0.00000411
20151228, 120000, Bittrex, 0.00000411
20151228, 130000, Bittrex, 0.00000411
20151228, 140000, Bittrex, 0.00000411
20151228, 150000, Bittrex, 0.00000411
20151228, 160000, Bittrex, 0.00000411
20151228, 170000, Bittrex, 0.00000411
20151228, 180000, Bittrex, 0.00000360
20151228, 190000, Bittrex, 0.00000360
20151228, 200000, Bittrex, 0.00000360
20151228, 210000, Bittrex, 0.00000360
20151228, 220000, Bittrex, 0.00000335
20151228, 230000, Bittrex, 0.00000335
20151229, 000000, Bittrex, 0.00000335
20151229, 010000, Bittrex, 0.00000335
20151229, 020000, Bittrex, 0.00000335
20151229, 030000, Bittrex, 0.00000335
20151229, 040000, Bittrex, 0.00000335
20151229, 050000, Bittrex, 0.00000335
20151229, 060000, Bittrex, 0.00000326
20151229, 070000, Bittrex, 0.00000326
20151229, 080000, Bittrex, 0.00000326
20151229, 090000, Bittrex, 0.00000326
20151229, 100000, Bittrex, 0.00000326
20151229, 110000, Bittrex, 0.00000326
20151229, 120000, Bittrex, 0.00000326
20151229, 130000, Bittrex, 0.00000326
20151229, 140000, Bittrex, 0.00000326
20151229, 150000, Bittrex, 0.00000326
20151229, 160000, Bittrex, 0.00000326
20151229, 170000, Bittrex, 0.00000326
20151229, 180000, Bittrex, 0.00000326
20151229, 190000, Bittrex, 0.00000326
20151229, 200000, Bittrex, 0.00000326
20151229, 210000, Bittrex, 0.00000334
20151229, 220000, Bittrex, 0.00000334
20151229, 230000, Bittrex, 0.00000334
20151230, 000000, Bittrex, 0.00000334
20151230, 010000, Bittrex, 0.00000334
20151230, 020000, Bittrex, 0.00000334
20151230, 030000, Bittrex, 0.00000334
20151230, 040000, Bittrex, 0.00000334
20151230, 050000, Bittrex, 0.00000334
20151230, 060000, Bittrex, 0.00000334
20151230, 070000, Bittrex, 0.00000334
20151230, 080000, Bittrex, 0.00000334
20151230, 090000, Bittrex, 0.00000334
20151230, 100000, Bittrex, 0.00000334
20151230, 110000, Bittrex, 0.00000334
20151230, 120000, Bittrex, 0.00000334
20151230, 130000, Bittrex, 0.00000334
20151230, 140000, Bittrex, 0.00000334
20151230, 150000, Bittrex, 0.00000334
20151230, 160000, Bittrex, 0.00000334
20151230, 170000, Bittrex, 0.00000334
20151230, 180000, Bittrex, 0.00000334
20151230, 190000, Bittrex, 0.00000334
20151230, 200000, Bittrex, 0.00000334
20151230, 210000, Bittrex, 0.00000334
20151230, 220000, Bittrex, 0.00000334
20151230, 230000, Bittrex, 0.00000334
20151231, 000000, Bittrex, 0.00000334
20151231, 010000, Bittrex, 0.00000334
20151231, 020000, Bittrex, 0.00000334
20151231, 030000, Bittrex, 0.00000334
20151231, 040000, Bittrex, 0.00000334
20151231, 050000, Bittrex, 0.00000334
20151231, 060000, Bittrex, 0.00000334
20151231, 070000, Bittrex, 0.00000334
20151231, 080000, Bittrex, 0.00000334
20151231, 090000, Bittrex, 0.00000334
20151231, 100000, Bittrex, 0.00000334
20151231, 110000, Bittrex, 0.00000334
20151231, 120000, Bittrex, 0.00000334
20151231, 130000, Bittrex, 0.00000334
20151231, 140000, Bittrex, 0.00000334
20151231, 150000, Bittrex, 0.00000334
20151231, 160000, Bittrex, 0.00000334
20151231, 170000, Bittrex, 0.00000334
20151231, 180000, Bittrex, 0.00000334
20151231, 190000, Bittrex, 0.00000334
20151231, 200000, Bittrex, 0.00000334
20151231, 210000, Bittrex, 0.00000334
20151231, 220000, Bittrex, 0.00000334
20151231, 230000, Bittrex, 0.00000334
20160101, 000000, Bittrex, 0.00000334
20160101, 010000, Bittrex, 0.00000334
20160101, 020000, Bittrex, 0.00000334
20160101, 030000, Bittrex, 0.00000334
20160101, 040000, Bittrex, 0.00000334
20160101, 050000, Bittrex, 0.00000334
20160101, 060000, Bittrex, 0.00000334
20160101, 070000, Bittrex, 0.00000334
20160101, 080000, Bittrex, 0.00000268
20160101, 090000, Bittrex, 0.00000268
20160101, 100000, Bittrex, 0.00000268
20160101, 110000, Bittrex, 0.00000331
20160101, 120000, Bittrex, 0.00000331
20160101, 130000, Bittrex, 0.00000331
20160101, 140000, Bittrex, 0.00000331
20160101, 150000, Bittrex, 0.00000331
20160101, 160000, Bittrex, 0.00000331
20160101, 170000, Bittrex, 0.00000331
20160101, 180000, Bittrex, 0.00000331
20160101, 190000, Bittrex, 0.00000331
20160101, 200000, Bittrex, 0.00000331
20160101, 210000, Bittrex, 0.00000331
20160101, 220000, Bittrex, 0.00000331
20160101, 230000, Bittrex, 0.00000331
20160102, 000000, Bittrex, 0.00000305
20160102, 010000, Bittrex, 0.00000305
20160102, 020000, Bittrex, 0.00000305
20160102, 030000, Bittrex, 0.00000305
20160102, 040000, Bittrex, 0.00000305
20160102, 050000, Bittrex, 0.00000305
20160102, 060000, Bittrex, 0.00000329
20160102, 070000, Bittrex, 0.00000329
20160102, 080000, Bittrex, 0.00000329
20160102, 090000, Bittrex, 0.00000329
20160102, 100000, Bittrex, 0.00000329
20160102, 110000, Bittrex, 0.00000329
20160102, 120000, Bittrex, 0.00000329
20160102, 130000, Bittrex, 0.00000329
20160102, 140000, Bittrex, 0.00000329
20160102, 150000, Bittrex, 0.00000329
20160102, 160000, Bittrex, 0.00000329
20160102, 170000, Bittrex, 0.00000329
20160102, 180000, Bittrex, 0.00000329
20160102, 190000, Bittrex, 0.00000329
20160102, 200000, Bittrex, 0.00000329
20160102, 210000, Bittrex, 0.00000329
20160102, 220000, Bittrex, 0.00000329
20160102, 230000, Bittrex, 0.00000329
20160103, 000000, Bittrex, 0.00000329
20160103, 010000, Bittrex, 0.00000329
20160103, 020000, Bittrex, 0.00000329
20160103, 030000, Bittrex, 0.00000329
20160103, 040000, Bittrex, 0.00000329
20160103, 050000, Bittrex, 0.00000329
20160103, 060000, Bittrex, 0.00000329
20160103, 070000, Bittrex, 0.00000329
20160103, 080000, Bittrex, 0.00000329
20160103, 090000, Bittrex, 0.00000329
20160103, 100000, Bittrex, 0.00000329
20160103, 110000, Bittrex, 0.00000329
20160103, 120000, Bittrex, 0.00000329
20160103, 130000, Bittrex, 0.00000329
20160103, 140000, Bittrex, 0.00000329
20160103, 150000, Bittrex, 0.00000329
20160103, 160000, Bittrex, 0.00000329
20160103, 170000, Bittrex, 0.00000329
20160103, 180000, Bittrex, 0.00000329
20160103, 190000, Bittrex, 0.00000329
20160103, 200000, Bittrex, 0.00000329
20160103, 210000, Bittrex, 0.00000329
20160103, 220000, Bittrex, 0.00000329
20160103, 230000, Bittrex, 0.00000329
20160104, 000000, Bittrex, 0.00000329
20160104, 010000, Bittrex, 0.00000329
20160104, 020000, Bittrex, 0.00000329
20160104, 030000, Bittrex, 0.00000329
20160104, 040000, Bittrex, 0.00000329
20160104, 050000, Bittrex, 0.00000329
20160104, 060000, Bittrex, 0.00000329
20160104, 070000, Bittrex, 0.00000329
20160104, 080000, Bittrex, 0.00000329
20160104, 090000, Bittrex, 0.00000329
20160104, 100000, Bittrex, 0.00000329
20160104, 110000, Bittrex, 0.00000329
20160104, 120000, Bittrex, 0.00000329
20160104, 130000, Bittrex, 0.00000329
20160104, 140000, Bittrex, 0.00000329
20160104, 150000, Bittrex, 0.00000329
20160104, 160000, Bittrex, 0.00000329
20160104, 170000, Bittrex, 0.00000329
20160104, 180000, Bittrex, 0.00000329
20160104, 190000, Bittrex, 0.00000329
20160104, 200000, Bittrex, 0.00000329
20160104, 210000, Bittrex, 0.00000329
20160104, 220000, Bittrex, 0.00000329
20160104, 230000, Bittrex, 0.00000329
20160105, 000000, Bittrex, 0.00000329
20160105, 010000, Bittrex, 0.00000329
20160105, 020000, Bittrex, 0.00000329
20160105, 030000, Bittrex, 0.00000329
20160105, 040000, Bittrex, 0.00000329
20160105, 050000, Bittrex, 0.00000329
20160105, 060000, Bittrex, 0.00000329
20160105, 070000, Bittrex, 0.00000329
20160105, 080000, Bittrex, 0.00000329
20160105, 090000, Bittrex, 0.00000329
20160105, 100000, Bittrex, 0.00000329
20160105, 110000, Bittrex, 0.00000329
20160105, 120000, Bittrex, 0.00000329
20160105, 130000, Bittrex, 0.00000329
20160105, 140000, Bittrex, 0.00000329
20160105, 150000, Bittrex, 0.00000329
20160105, 160000, Bittrex, 0.00000329
20160105, 170000, Bittrex, 0.00000329
20160105, 180000, Bittrex, 0.00000329
20160105, 190000, Bittrex, 0.00000329
20160105, 200000, Bittrex, 0.00000329
20160105, 210000, Bittrex, 0.00000329
20160105, 220000, Bittrex, 0.00000329
20160105, 230000, Bittrex, 0.00000329
20160106, 000000, Bittrex, 0.00000329
20160106, 010000, Bittrex, 0.00000329
20160106, 020000, Bittrex, 0.00000329
20160106, 030000, Bittrex, 0.00000329
20160106, 040000, Bittrex, 0.00000329
20160106, 050000, Bittrex, 0.00000329
20160106, 060000, Bittrex, 0.00000329
20160106, 070000, Bittrex, 0.00000329
20160106, 080000, Bittrex, 0.00000329
20160106, 090000, Bittrex, 0.00000329
20160106, 100000, Bittrex, 0.00000329
20160106, 110000, Bittrex, 0.00000329
20160106, 120000, Bittrex, 0.00000329
20160106, 130000, Bittrex, 0.00000329
20160106, 140000, Bittrex, 0.00000329
20160106, 150000, Bittrex, 0.00000329
20160106, 160000, Bittrex, 0.00000329
20160106, 170000, Bittrex, 0.00000329
20160106, 180000, Bittrex, 0.00000329
20160106, 190000, Bittrex, 0.00000329
20160106, 200000, Bittrex, 0.00000329
20160106, 210000, Bittrex, 0.00000329
20160106, 220000, Bittrex, 0.00000329
20160106, 230000, Bittrex, 0.00000329
20160107, 000000, Bittrex, 0.00000329
20160107, 010000, Bittrex, 0.00000329
20160107, 020000, Bittrex, 0.00000329
20160107, 030000, Bittrex, 0.00000329
20160107, 040000, Bittrex, 0.00000329
20160107, 050000, Bittrex, 0.00000329
20160107, 060000, Bittrex, 0.00000329
20160107, 070000, Bittrex, 0.00000329
20160107, 080000, Bittrex, 0.00000329
20160107, 090000, Bittrex, 0.00000329
20160107, 100000, Bittrex, 0.00000329
20160107, 110000, Bittrex, 0.00000260
20160107, 120000, Bittrex, 0.00000260
20160107, 130000, Bittrex, 0.00000260
20160107, 140000, Bittrex, 0.00000331
20160107, 150000, Bittrex, 0.00000331
20160107, 160000, Bittrex, 0.00000331
20160107, 170000, Bittrex, 0.00000331
20160107, 180000, Bittrex, 0.00000331
20160107, 190000, Bittrex, 0.00000331
20160107, 200000, Bittrex, 0.00000331
20160107, 210000, Bittrex, 0.00000331
20160107, 220000, Bittrex, 0.00000331
20160107, 230000, Bittrex, 0.00000331
20160108, 000000, Bittrex, 0.00000331
20160108, 010000, Bittrex, 0.00000331
20160108, 020000, Bittrex, 0.00000331
20160108, 030000, Bittrex, 0.00000331
20160108, 040000, Bittrex, 0.00000331
20160108, 050000, Bittrex, 0.00000331
20160108, 060000, Bittrex, 0.00000303
20160108, 070000, Bittrex, 0.00000303
20160108, 080000, Bittrex, 0.00000303
20160108, 090000, Bittrex, 0.00000303
20160108, 100000, Bittrex, 0.00000303
20160108, 110000, Bittrex, 0.00000303
20160108, 120000, Bittrex, 0.00000263
20160108, 130000, Bittrex, 0.00000263
20160108, 140000, Bittrex, 0.00000263
20160108, 150000, Bittrex, 0.00000263
20160108, 160000, Bittrex, 0.00000263
20160108, 170000, Bittrex, 0.00000263
20160108, 180000, Bittrex, 0.00000263
20160108, 190000, Bittrex, 0.00000372
20160108, 200000, Bittrex, 0.00000372
20160108, 210000, Bittrex, 0.00000372
20160108, 220000, Bittrex, 0.00000372
20160108, 230000, Bittrex, 0.00000372
20160109, 000000, Bittrex, 0.00000516
20160109, 010000, Bittrex, 0.00000516
20160109, 020000, Bittrex, 0.00000516
20160109, 030000, Bittrex, 0.00000341
20160109, 040000, Bittrex, 0.00000341
20160109, 050000, Bittrex, 0.00000341
20160109, 060000, Bittrex, 0.00000341
20160109, 070000, Bittrex, 0.00000341
20160109, 080000, Bittrex, 0.00000335
20160109, 090000, Bittrex, 0.00000417
20160109, 100000, Bittrex, 0.00000417
20160109, 110000, Bittrex, 0.00000348
20160109, 120000, Bittrex, 0.00000348
20160109, 130000, Bittrex, 0.00000348
20160109, 140000, Bittrex, 0.00000348
20160109, 150000, Bittrex, 0.00000348
20160109, 160000, Bittrex, 0.00000348
20160109, 170000, Bittrex, 0.00000348
20160109, 180000, Bittrex, 0.00000348
20160109, 190000, Bittrex, 0.00000348
20160109, 200000, Bittrex, 0.00000348
20160109, 210000, Bittrex, 0.00000348
20160109, 220000, Bittrex, 0.00000348
20160109, 230000, Bittrex, 0.00000348
20160110, 000000, Bittrex, 0.00000353
20160110, 010000, Bittrex, 0.00000353
20160110, 020000, Bittrex, 0.00000353
20160110, 030000, Bittrex, 0.00000353
20160110, 040000, Bittrex, 0.00000353
20160110, 050000, Bittrex, 0.00000353
20160110, 060000, Bittrex, 0.00000353
20160110, 070000, Bittrex, 0.00000353
20160110, 080000, Bittrex, 0.00000353
20160110, 090000, Bittrex, 0.00000353
20160110, 100000, Bittrex, 0.00000353
20160110, 110000, Bittrex, 0.00000353
20160110, 120000, Bittrex, 0.00000353
20160110, 130000, Bittrex, 0.00000353
20160110, 140000, Bittrex, 0.00000353
20160110, 150000, Bittrex, 0.00000353
20160110, 160000, Bittrex, 0.00000353
20160110, 170000, Bittrex, 0.00000353
20160110, 180000, Bittrex, 0.00000353
20160110, 190000, Bittrex, 0.00000353
20160110, 200000, Bittrex, 0.00000435
20160110, 210000, Bittrex, 0.00000435
20160110, 220000, Bittrex, 0.00000301
20160110, 230000, Bittrex, 0.00000301
20160111, 000000, Bittrex, 0.00000301
20160111, 010000, Bittrex, 0.00000301
20160111, 020000, Bittrex, 0.00000301
20160111, 030000, Bittrex, 0.00000301
20160111, 040000, Bittrex, 0.00000301
20160111, 050000, Bittrex, 0.00000301
20160111, 060000, Bittrex, 0.00000301
20160111, 070000, Bittrex, 0.00000301
20160111, 080000, Bittrex, 0.00000301
20160111, 090000, Bittrex, 0.00000301
20160111, 100000, Bittrex, 0.00000328
20160111, 110000, Bittrex, 0.00000327
20160111, 120000, Bittrex, 0.00000327
20160111, 130000, Bittrex, 0.00000327
20160111, 140000, Bittrex, 0.00000327
20160111, 150000, Bittrex, 0.00000327
20160111, 160000, Bittrex, 0.00000406
20160111, 170000, Bittrex, 0.00000406
20160111, 180000, Bittrex, 0.00000406
20160111, 190000, Bittrex, 0.00000406
20160111, 200000, Bittrex, 0.00000406
20160111, 210000, Bittrex, 0.00000406
20160111, 220000, Bittrex, 0.00000406
20160111, 230000, Bittrex, 0.00000406
20160112, 000000, Bittrex, 0.00000406
20160112, 010000, Bittrex, 0.00000406
20160112, 020000, Bittrex, 0.00000406
20160112, 030000, Bittrex, 0.00000406
20160112, 040000, Bittrex, 0.00000406
20160112, 050000, Bittrex, 0.00000406
20160112, 060000, Bittrex, 0.00000406
20160112, 070000, Bittrex, 0.00000406
20160112, 080000, Bittrex, 0.00000406
20160112, 090000, Bittrex, 0.00000406
20160112, 100000, Bittrex, 0.00000399
20160112, 110000, Bittrex, 0.00000399
20160112, 120000, Bittrex, 0.00000399
20160112, 130000, Bittrex, 0.00000399
20160112, 140000, Bittrex, 0.00000399
20160112, 150000, Bittrex, 0.00000399
20160112, 160000, Bittrex, 0.00000399
20160112, 170000, Bittrex, 0.00000399
20160112, 180000, Bittrex, 0.00000399
20160112, 190000, Bittrex, 0.00000399
20160112, 200000, Bittrex, 0.00000399
20160112, 210000, Bittrex, 0.00000399
20160112, 220000, Bittrex, 0.00000399
20160112, 230000, Bittrex, 0.00000349
20160113, 000000, Bittrex, 0.00000349
20160113, 010000, Bittrex, 0.00000349
20160113, 020000, Bittrex, 0.00000349
20160113, 030000, Bittrex, 0.00000349
20160113, 040000, Bittrex, 0.00000350
20160113, 050000, Bittrex, 0.00000350
20160113, 060000, Bittrex, 0.00000350
20160113, 070000, Bittrex, 0.00000350
20160113, 080000, Bittrex, 0.00000350
20160113, 090000, Bittrex, 0.00000350
20160113, 100000, Bittrex, 0.00000350
20160113, 110000, Bittrex, 0.00000350
20160113, 120000, Bittrex, 0.00000350
20160113, 130000, Bittrex, 0.00000350
20160113, 140000, Bittrex, 0.00000350
20160113, 150000, Bittrex, 0.00000350
20160113, 160000, Bittrex, 0.00000350
20160113, 170000, Bittrex, 0.00000392
20160113, 180000, Bittrex, 0.00000392
20160113, 190000, Bittrex, 0.00000392
20160113, 200000, Bittrex, 0.00000392
20160113, 210000, Bittrex, 0.00000392
20160113, 220000, Bittrex, 0.00000392
20160113, 230000, Bittrex, 0.00000392
20160114, 000000, Bittrex, 0.00000392
20160114, 010000, Bittrex, 0.00000392
20160114, 020000, Bittrex, 0.00000392
20160114, 030000, Bittrex, 0.00000392
20160114, 040000, Bittrex, 0.00000392
20160114, 050000, Bittrex, 0.00000392
20160114, 060000, Bittrex, 0.00000392
20160114, 070000, Bittrex, 0.00000392
20160114, 080000, Bittrex, 0.00000392
20160114, 090000, Bittrex, 0.00000326
20160114, 100000, Bittrex, 0.00000326
20160114, 110000, Bittrex, 0.00000326
20160114, 120000, Bittrex, 0.00000326
20160114, 130000, Bittrex, 0.00000387
20160114, 140000, Bittrex, 0.00000387
20160114, 150000, Bittrex, 0.00000387
20160114, 160000, Bittrex, 0.00000387
20160114, 170000, Bittrex, 0.00000387
20160114, 180000, Bittrex, 0.00000387
20160114, 190000, Bittrex, 0.00000387
20160114, 200000, Bittrex, 0.00000387
20160114, 210000, Bittrex, 0.00000387
20160114, 220000, Bittrex, 0.00000387
20160114, 230000, Bittrex, 0.00000387
20160115, 000000, Bittrex, 0.00000387
20160115, 010000, Bittrex, 0.00000387
20160115, 020000, Bittrex, 0.00000387
20160115, 030000, Bittrex, 0.00000387
20160115, 040000, Bittrex, 0.00000387
20160115, 050000, Bittrex, 0.00000387
20160115, 060000, Bittrex, 0.00000387
20160115, 070000, Bittrex, 0.00000499
20160115, 080000, Bittrex, 0.00000499
20160115, 090000, Bittrex, 0.00000499
20160115, 100000, Bittrex, 0.00000499
20160115, 110000, Bittrex, 0.00000499
20160115, 120000, Bittrex, 0.00000500
20160115, 130000, Bittrex, 0.00000500
20160115, 140000, Bittrex, 0.00000359
20160115, 150000, Bittrex, 0.00000359
20160115, 160000, Bittrex, 0.00000359
20160115, 170000, Bittrex, 0.00000359
20160115, 180000, Bittrex, 0.00000359
20160115, 190000, Bittrex, 0.00000499
20160115, 200000, Bittrex, 0.00000499
20160115, 210000, Bittrex, 0.00000499
20160115, 220000, Bittrex, 0.00000499
20160115, 230000, Bittrex, 0.00000499
20160116, 000000, Bittrex, 0.00000499
20160116, 010000, Bittrex, 0.00000499
20160116, 020000, Bittrex, 0.00000499
20160116, 030000, Bittrex, 0.00000499
20160116, 040000, Bittrex, 0.00000499
20160116, 050000, Bittrex, 0.00000499
20160116, 060000, Bittrex, 0.00000499
20160116, 070000, Bittrex, 0.00000499
20160116, 080000, Bittrex, 0.00000499
20160116, 090000, Bittrex, 0.00000499
20160116, 100000, Bittrex, 0.00000499
20160116, 110000, Bittrex, 0.00000499
20160116, 120000, Bittrex, 0.00000499
20160116, 130000, Bittrex, 0.00000499
20160116, 140000, Bittrex, 0.00000499
20160116, 150000, Bittrex, 0.00000499
20160116, 160000, Bittrex, 0.00000499
20160116, 170000, Bittrex, 0.00000499
20160116, 180000, Bittrex, 0.00000499
20160116, 190000, Bittrex, 0.00000499
20160116, 200000, Bittrex, 0.00000499
20160116, 210000, Bittrex, 0.00000499
20160116, 220000, Bittrex, 0.00000499
20160116, 230000, Bittrex, 0.00000499
20160117, 000000, Bittrex, 0.00000499
20160117, 010000, Bittrex, 0.00000499
20160117, 020000, Bittrex, 0.00000499
20160117, 030000, Bittrex, 0.00000499
20160117, 040000, Bittrex, 0.00000499
20160117, 050000, Bittrex, 0.00000499
20160117, 060000, Bittrex, 0.00000499
20160117, 070000, Bittrex, 0.00000499
20160117, 080000, Bittrex, 0.00000499
20160117, 090000, Bittrex, 0.00000499
20160117, 100000, Bittrex, 0.00000499
20160117, 110000, Bittrex, 0.00000499
20160117, 120000, Bittrex, 0.00000499
20160117, 130000, Bittrex, 0.00000499
20160117, 140000, Bittrex, 0.00000499
20160117, 150000, Bittrex, 0.00000499
20160117, 160000, Bittrex, 0.00000499
20160117, 170000, Bittrex, 0.00000499
20160117, 180000, Bittrex, 0.00000413
20160117, 190000, Bittrex, 0.00000413
20160117, 200000, Bittrex, 0.00000413
20160117, 210000, Bittrex, 0.00000413
20160117, 220000, Bittrex, 0.00000413
20160117, 230000, Bittrex, 0.00000413
20160118, 000000, Bittrex, 0.00000413
20160118, 010000, Bittrex, 0.00000413
20160118, 020000, Bittrex, 0.00000413
20160118, 030000, Bittrex, 0.00000413
20160118, 040000, Bittrex, 0.00000413
20160118, 050000, Bittrex, 0.00000413
20160118, 060000, Bittrex, 0.00000413
20160118, 070000, Bittrex, 0.00000413
20160118, 080000, Bittrex, 0.00000413
20160118, 090000, Bittrex, 0.00000413
20160118, 100000, Bittrex, 0.00000413
20160118, 110000, Bittrex, 0.00000340
20160118, 120000, Bittrex, 0.00000340
20160118, 130000, Bittrex, 0.00000340
20160118, 140000, Bittrex, 0.00000340
20160118, 150000, Bittrex, 0.00000340
20160118, 160000, Bittrex, 0.00000340
20160118, 170000, Bittrex, 0.00000340
20160118, 180000, Bittrex, 0.00000340
20160118, 190000, Bittrex, 0.00000340
20160118, 200000, Bittrex, 0.00000340
20160118, 210000, Bittrex, 0.00000340
20160118, 220000, Bittrex, 0.00000340
20160118, 230000, Bittrex, 0.00000340
20160119, 000000, Bittrex, 0.00000340
20160119, 010000, Bittrex, 0.00000340
20160119, 020000, Bittrex, 0.00000340
20160119, 030000, Bittrex, 0.00000340
20160119, 040000, Bittrex, 0.00000340
20160119, 050000, Bittrex, 0.00000340
20160119, 060000, Bittrex, 0.00000340
20160119, 070000, Bittrex, 0.00000340
20160119, 080000, Bittrex, 0.00000340
20160119, 090000, Bittrex, 0.00000340
20160119, 100000, Bittrex, 0.00000340
20160119, 110000, Bittrex, 0.00000340
20160119, 120000, Bittrex, 0.00000340
20160119, 130000, Bittrex, 0.00000340
20160119, 140000, Bittrex, 0.00000340
20160119, 150000, Bittrex, 0.00000340
20160119, 160000, Bittrex, 0.00000340
20160119, 170000, Bittrex, 0.00000340
20160119, 180000, Bittrex, 0.00000340
20160119, 190000, Bittrex, 0.00000340
20160119, 200000, Bittrex, 0.00000340
20160119, 210000, Bittrex, 0.00000340
20160119, 220000, Bittrex, 0.00000340
20160119, 230000, Bittrex, 0.00000340
20160120, 000000, Bittrex, 0.00000340
20160120, 010000, Bittrex, 0.00000340
20160120, 020000, Bittrex, 0.00000340
20160120, 030000, Bittrex, 0.00000340
20160120, 040000, Bittrex, 0.00000340
20160120, 050000, Bittrex, 0.00000340
20160120, 060000, Bittrex, 0.00000350
20160120, 070000, Bittrex, 0.00000350
20160120, 080000, Bittrex, 0.00000350
20160120, 090000, Bittrex, 0.00000350
20160120, 100000, Bittrex, 0.00000350
20160120, 110000, Bittrex, 0.00000350
20160120, 120000, Bittrex, 0.00000350
20160120, 130000, Bittrex, 0.00000424
20160120, 140000, Bittrex, 0.00000424
20160120, 150000, Bittrex, 0.00000424
20160120, 160000, Bittrex, 0.00000424
20160120, 170000, Bittrex, 0.00000424
20160120, 180000, Bittrex, 0.00000424
20160120, 190000, Bittrex, 0.00000424
20160120, 200000, Bittrex, 0.00000424
20160120, 210000, Bittrex, 0.00000424
20160120, 220000, Bittrex, 0.00000424
20160120, 230000, Bittrex, 0.00000424
20160121, 000000, Bittrex, 0.00000424
20160121, 010000, Bittrex, 0.00000424
20160121, 020000, Bittrex, 0.00000424
20160121, 030000, Bittrex, 0.00000424
20160121, 040000, Bittrex, 0.00000424
20160121, 050000, Bittrex, 0.00000424
20160121, 060000, Bittrex, 0.00000424
20160121, 070000, Bittrex, 0.00000424
20160121, 080000, Bittrex, 0.00000424
20160121, 090000, Bittrex, 0.00000424
20160121, 100000, Bittrex, 0.00000424
20160121, 110000, Bittrex, 0.00000424
20160121, 120000, Bittrex, 0.00000424
20160121, 130000, Bittrex, 0.00000424
20160121, 140000, Bittrex, 0.00000424
20160121, 150000, Bittrex, 0.00000424
20160121, 160000, Bittrex, 0.00000435
20160121, 170000, Bittrex, 0.00000435
20160121, 180000, Bittrex, 0.00000435
20160121, 190000, Bittrex, 0.00000435
20160121, 200000, Bittrex, 0.00000435
20160121, 210000, Bittrex, 0.00000435
20160121, 220000, Bittrex, 0.00000435
20160121, 230000, Bittrex, 0.00000435
20160122, 000000, Bittrex, 0.00000435
20160122, 010000, Bittrex, 0.00000435
20160122, 020000, Bittrex, 0.00000435
20160122, 030000, Bittrex, 0.00000435
20160122, 040000, Bittrex, 0.00000435
20160122, 050000, Bittrex, 0.00000435
20160122, 060000, Bittrex, 0.00000435
20160122, 070000, Bittrex, 0.00000435
20160122, 080000, Bittrex, 0.00000435
20160122, 090000, Bittrex, 0.00000435
20160122, 100000, Bittrex, 0.00000435
20160122, 110000, Bittrex, 0.00000435
20160122, 120000, Bittrex, 0.00000435
20160122, 130000, Bittrex, 0.00000435
20160122, 140000, Bittrex, 0.00000435
20160122, 150000, Bittrex, 0.00000435
20160122, 160000, Bittrex, 0.00000435
20160122, 170000, Bittrex, 0.00000435
20160122, 180000, Bittrex, 0.00000435
20160122, 190000, Bittrex, 0.00000435
20160122, 200000, Bittrex, 0.00000435
20160122, 210000, Bittrex, 0.00000435
20160122, 220000, Bittrex, 0.00000435
20160122, 230000, Bittrex, 0.00000435
20160123, 000000, Bittrex, 0.00000435
20160123, 010000, Bittrex, 0.00000435
20160123, 020000, Bittrex, 0.00000435
20160123, 030000, Bittrex, 0.00000435
20160123, 040000, Bittrex, 0.00000435
20160123, 050000, Bittrex, 0.00000435
20160123, 060000, Bittrex, 0.00000435
20160123, 070000, Bittrex, 0.00000435
20160123, 080000, Bittrex, 0.00000435
20160123, 090000, Bittrex, 0.00000435
20160123, 100000, Bittrex, 0.00000435
20160123, 110000, Bittrex, 0.00000435
20160123, 120000, Bittrex, 0.00000435
20160123, 130000, Bittrex, 0.00000435
20160123, 140000, Bittrex, 0.00000435
20160123, 150000, Bittrex, 0.00000435
20160123, 160000, Bittrex, 0.00000435
20160123, 170000, Bittrex, 0.00000435
20160123, 180000, Bittrex, 0.00000435
20160123, 190000, Bittrex, 0.00000435
20160123, 200000, Bittrex, 0.00000435
20160123, 210000, Bittrex, 0.00000435
20160123, 220000, Bittrex, 0.00000435
20160123, 230000, Bittrex, 0.00000435
20160124, 000000, Bittrex, 0.00000435
20160124, 010000, Bittrex, 0.00000435
20160124, 020000, Bittrex, 0.00000435
20160124, 030000, Bittrex, 0.00000487
20160124, 040000, Bittrex, 0.00000487
20160124, 050000, Bittrex, 0.00000487
20160124, 060000, Bittrex, 0.00000487
20160124, 070000, Bittrex, 0.00000487
20160124, 080000, Bittrex, 0.00000487
20160124, 090000, Bittrex, 0.00000487
20160124, 100000, Bittrex, 0.00000487
20160124, 110000, Bittrex, 0.00000487
20160124, 120000, Bittrex, 0.00000487
20160124, 130000, Bittrex, 0.00000487
20160124, 140000, Bittrex, 0.00000600
20160124, 150000, Bittrex, 0.00000406
20160124, 160000, Bittrex, 0.00000406
20160124, 170000, Bittrex, 0.00000406
20160124, 180000, Bittrex, 0.00000406
20160124, 190000, Bittrex, 0.00000404
20160124, 200000, Bittrex, 0.00000406
20160124, 210000, Bittrex, 0.00000406
20160124, 220000, Bittrex, 0.00000406
20160124, 230000, Bittrex, 0.00000406
20160125, 000000, Bittrex, 0.00000406
20160125, 010000, Bittrex, 0.00000406
20160125, 020000, Bittrex, 0.00000406
20160125, 030000, Bittrex, 0.00000406
20160125, 040000, Bittrex, 0.00000406
20160125, 050000, Bittrex, 0.00000406
20160125, 060000, Bittrex, 0.00000406
20160125, 070000, Bittrex, 0.00000406
20160125, 080000, Bittrex, 0.00000406
20160125, 090000, Bittrex, 0.00000406
20160125, 100000, Bittrex, 0.00000406
20160125, 110000, Bittrex, 0.00000370
20160125, 120000, Bittrex, 0.00000370
20160125, 130000, Bittrex, 0.00000373
20160125, 140000, Bittrex, 0.00000373
20160125, 150000, Bittrex, 0.00000373
20160125, 160000, Bittrex, 0.00000373
20160125, 170000, Bittrex, 0.00000373
20160125, 180000, Bittrex, 0.00000373
20160125, 190000, Bittrex, 0.00000373
20160125, 200000, Bittrex, 0.00000373
20160125, 210000, Bittrex, 0.00000373
20160125, 220000, Bittrex, 0.00000373
20160125, 230000, Bittrex, 0.00000373
20160126, 000000, Bittrex, 0.00000373
20160126, 010000, Bittrex, 0.00000373
20160126, 020000, Bittrex, 0.00000373
20160126, 030000, Bittrex, 0.00000373
20160126, 040000, Bittrex, 0.00000373
20160126, 050000, Bittrex, 0.00000373
20160126, 060000, Bittrex, 0.00000373
20160126, 070000, Bittrex, 0.00000373
20160126, 080000, Bittrex, 0.00000373
20160126, 090000, Bittrex, 0.00000373
20160126, 100000, Bittrex, 0.00000523
20160126, 110000, Bittrex, 0.00000523
20160126, 120000, Bittrex, 0.00000523
20160126, 130000, Bittrex, 0.00000523
20160126, 140000, Bittrex, 0.00000523
20160126, 150000, Bittrex, 0.00000523
20160126, 160000, Bittrex, 0.00000523
20160126, 170000, Bittrex, 0.00000523
20160126, 180000, Bittrex, 0.00000523
20160126, 190000, Bittrex, 0.00000523
20160126, 200000, Bittrex, 0.00000523
20160126, 210000, Bittrex, 0.00000523
20160126, 220000, Bittrex, 0.00000523
20160126, 230000, Bittrex, 0.00000523
20160127, 000000, Bittrex, 0.00000523
20160127, 010000, Bittrex, 0.00000370
20160127, 020000, Bittrex, 0.00000370
20160127, 030000, Bittrex, 0.00000370
20160127, 040000, Bittrex, 0.00000370
20160127, 050000, Bittrex, 0.00000370
20160127, 060000, Bittrex, 0.00000370
20160127, 070000, Bittrex, 0.00000370
20160127, 080000, Bittrex, 0.00000370
20160127, 090000, Bittrex, 0.00000370
20160127, 100000, Bittrex, 0.00000370
20160127, 110000, Bittrex, 0.00000370
20160127, 120000, Bittrex, 0.00000370
20160127, 130000, Bittrex, 0.00000370
20160127, 140000, Bittrex, 0.00000370
20160127, 150000, Bittrex, 0.00000370
20160127, 160000, Bittrex, 0.00000370
20160127, 170000, Bittrex, 0.00000370
20160127, 180000, Bittrex, 0.00000370
20160127, 190000, Bittrex, 0.00000370
20160127, 200000, Bittrex, 0.00000370
20160127, 210000, Bittrex, 0.00000370
20160127, 220000, Bittrex, 0.00000370
20160127, 230000, Bittrex, 0.00000370
20160128, 000000, Bittrex, 0.00000415
20160128, 010000, Bittrex, 0.00000415
20160128, 020000, Bittrex, 0.00000415
20160128, 030000, Bittrex, 0.00000415
20160128, 040000, Bittrex, 0.00000415
20160128, 050000, Bittrex, 0.00000415
20160128, 060000, Bittrex, 0.00000479
20160128, 070000, Bittrex, 0.00000479
20160128, 080000, Bittrex, 0.00000479
20160128, 090000, Bittrex, 0.00000479
20160128, 100000, Bittrex, 0.00000479
20160128, 110000, Bittrex, 0.00000479
20160128, 120000, Bittrex, 0.00000453
20160128, 130000, Bittrex, 0.00000453
20160128, 140000, Bittrex, 0.00000479
20160128, 150000, Bittrex, 0.00000479
20160128, 160000, Bittrex, 0.00000479
20160128, 170000, Bittrex, 0.00000479
20160128, 180000, Bittrex, 0.00000479
20160128, 190000, Bittrex, 0.00000479
20160128, 200000, Bittrex, 0.00000479
20160128, 210000, Bittrex, 0.00000479
20160128, 220000, Bittrex, 0.00000479
20160128, 230000, Bittrex, 0.00000479
20160129, 000000, Bittrex, 0.00000479
20160129, 010000, Bittrex, 0.00000479
20160129, 020000, Bittrex, 0.00000479
20160129, 030000, Bittrex, 0.00000479
20160129, 040000, Bittrex, 0.00000500
20160129, 050000, Bittrex, 0.00000500
20160129, 060000, Bittrex, 0.00000500
20160129, 070000, Bittrex, 0.00000500
20160129, 080000, Bittrex, 0.00000500
20160129, 090000, Bittrex, 0.00000500
20160129, 100000, Bittrex, 0.00000500
20160129, 110000, Bittrex, 0.00000500
20160129, 120000, Bittrex, 0.00000500
20160129, 130000, Bittrex, 0.00000500
20160129, 140000, Bittrex, 0.00000500
20160129, 150000, Bittrex, 0.00000500
20160129, 160000, Bittrex, 0.00000496
20160129, 170000, Bittrex, 0.00000496
20160129, 180000, Bittrex, 0.00000496
20160129, 190000, Bittrex, 0.00000496
20160129, 200000, Bittrex, 0.00000496
20160129, 210000, Bittrex, 0.00000496
20160129, 220000, Bittrex, 0.00000496
20160129, 230000, Bittrex, 0.00000496
20160130, 000000, Bittrex, 0.00000496
20160130, 010000, Bittrex, 0.00000496
20160130, 020000, Bittrex, 0.00000496
20160130, 030000, Bittrex, 0.00000496
20160130, 040000, Bittrex, 0.00000496
20160130, 050000, Bittrex, 0.00000496
20160130, 060000, Bittrex, 0.00000392
20160130, 070000, Bittrex, 0.00000392
20160130, 080000, Bittrex, 0.00000392
20160130, 090000, Bittrex, 0.00000392
20160130, 100000, Bittrex, 0.00000392
20160130, 110000, Bittrex, 0.00000499
20160130, 120000, Bittrex, 0.00000498
20160130, 130000, Bittrex, 0.00000498
20160130, 140000, Bittrex, 0.00000498
20160130, 150000, Bittrex, 0.00000498
20160130, 160000, Bittrex, 0.00000498
20160130, 170000, Bittrex, 0.00000498
20160130, 180000, Bittrex, 0.00000498
20160130, 190000, Bittrex, 0.00000498
20160130, 200000, Bittrex, 0.00000498
20160130, 210000, Bittrex, 0.00000498
20160130, 220000, Bittrex, 0.00000498
20160130, 230000, Bittrex, 0.00000498
20160131, 000000, Bittrex, 0.00000368
20160131, 010000, Bittrex, 0.00000368
20160131, 020000, Bittrex, 0.00000368
20160131, 030000, Bittrex, 0.00000368
20160131, 040000, Bittrex, 0.00000368
20160131, 050000, Bittrex, 0.00000489
20160131, 060000, Bittrex, 0.00000489
20160131, 070000, Bittrex, 0.00000489
20160131, 080000, Bittrex, 0.00000489
20160131, 090000, Bittrex, 0.00000489
20160131, 100000, Bittrex, 0.00000346
20160131, 110000, Bittrex, 0.00000346
20160131, 120000, Bittrex, 0.00000346
20160131, 130000, Bittrex, 0.00000346
20160131, 140000, Bittrex, 0.00000346
20160131, 150000, Bittrex, 0.00000346
20160131, 160000, Bittrex, 0.00000346
20160131, 170000, Bittrex, 0.00000346
20160131, 180000, Bittrex, 0.00000398
20160131, 190000, Bittrex, 0.00000398
20160131, 200000, Bittrex, 0.00000398
20160131, 210000, Bittrex, 0.00000398
20160131, 220000, Bittrex, 0.00000395
20160131, 230000, Bittrex, 0.00000395
20160201, 000000, Bittrex, 0.00000395
20160201, 010000, Bittrex, 0.00000395
20160201, 020000, Bittrex, 0.00000395
20160201, 030000, Bittrex, 0.00000395
20160201, 040000, Bittrex, 0.00000395
20160201, 050000, Bittrex, 0.00000395
20160201, 060000, Bittrex, 0.00000395
20160201, 070000, Bittrex, 0.00000395
20160201, 080000, Bittrex, 0.00000379
20160201, 090000, Bittrex, 0.00000379
20160201, 100000, Bittrex, 0.00000379
20160201, 110000, Bittrex, 0.00000379
20160201, 120000, Bittrex, 0.00000379
20160201, 130000, Bittrex, 0.00000379
20160201, 140000, Bittrex, 0.00000379
20160201, 150000, Bittrex, 0.00000379
20160201, 160000, Bittrex, 0.00000379
20160201, 170000, Bittrex, 0.00000379
20160201, 180000, Bittrex, 0.00000379
20160201, 190000, Bittrex, 0.00000404
20160201, 200000, Bittrex, 0.00000498
20160201, 210000, Bittrex, 0.00000498
20160201, 220000, Bittrex, 0.00000500
20160201, 230000, Bittrex, 0.00000500
20160202, 000000, Bittrex, 0.00000574
20160202, 010000, Bittrex, 0.00000505
20160202, 020000, Bittrex, 0.00000505
20160202, 030000, Bittrex, 0.00000505
20160202, 040000, Bittrex, 0.00000505
20160202, 050000, Bittrex, 0.00000505
20160202, 060000, Bittrex, 0.00000505
20160202, 070000, Bittrex, 0.00000505
20160202, 080000, Bittrex, 0.00000505
20160202, 090000, Bittrex, 0.00000505
20160202, 100000, Bittrex, 0.00000505
20160202, 110000, Bittrex, 0.00000579
20160202, 120000, Bittrex, 0.00000579
20160202, 130000, Bittrex, 0.00000579
20160202, 140000, Bittrex, 0.00000579
20160202, 150000, Bittrex, 0.00000530
20160202, 160000, Bittrex, 0.00000503
20160202, 170000, Bittrex, 0.00000503
20160202, 180000, Bittrex, 0.00000503
20160202, 190000, Bittrex, 0.00000503
20160202, 200000, Bittrex, 0.00000503
20160202, 210000, Bittrex, 0.00000503
20160202, 220000, Bittrex, 0.00000503
20160202, 230000, Bittrex, 0.00000503
20160203, 000000, Bittrex, 0.00000503
20160203, 010000, Bittrex, 0.00000503
20160203, 020000, Bittrex, 0.00000503
20160203, 030000, Bittrex, 0.00000503
20160203, 040000, Bittrex, 0.00000503
20160203, 050000, Bittrex, 0.00000503
20160203, 060000, Bittrex, 0.00000503
20160203, 070000, Bittrex, 0.00000503
20160203, 080000, Bittrex, 0.00000503
20160203, 090000, Bittrex, 0.00000503
20160203, 100000, Bittrex, 0.00000503
20160203, 110000, Bittrex, 0.00000503
20160203, 120000, Bittrex, 0.00000503
20160203, 130000, Bittrex, 0.00000503
20160203, 140000, Bittrex, 0.00000540
20160203, 150000, Bittrex, 0.00000560
20160203, 160000, Bittrex, 0.00000560
20160203, 170000, Bittrex, 0.00000560
20160203, 180000, Bittrex, 0.00000560
20160203, 190000, Bittrex, 0.00000560
20160203, 200000, Bittrex, 0.00000560
20160203, 210000, Bittrex, 0.00000560
20160203, 220000, Bittrex, 0.00000560
20160203, 230000, Bittrex, 0.00000560
20160204, 000000, Bittrex, 0.00000560
20160204, 010000, Bittrex, 0.00000560
20160204, 020000, Bittrex, 0.00000560
20160204, 030000, Bittrex, 0.00000560
20160204, 040000, Bittrex, 0.00000560
20160204, 050000, Bittrex, 0.00000560
20160204, 060000, Bittrex, 0.00000560
20160204, 070000, Bittrex, 0.00000560
20160204, 080000, Bittrex, 0.00000560
20160204, 090000, Bittrex, 0.00000560
20160204, 100000, Bittrex, 0.00000560
20160204, 110000, Bittrex, 0.00000540
20160204, 120000, Bittrex, 0.00000540
20160204, 130000, Bittrex, 0.00000540
20160204, 140000, Bittrex, 0.00000540
20160204, 150000, Bittrex, 0.00000540
20160204, 160000, Bittrex, 0.00000540
20160204, 170000, Bittrex, 0.00000540
20160204, 180000, Bittrex, 0.00000540
20160204, 190000, Bittrex, 0.00000540
20160204, 200000, Bittrex, 0.00000579
20160204, 210000, Bittrex, 0.00000579
20160204, 220000, Bittrex, 0.00000579
20160204, 230000, Bittrex, 0.00000579
20160205, 000000, Bittrex, 0.00000579
20160205, 010000, Bittrex, 0.00000579
20160205, 020000, Bittrex, 0.00000579
20160205, 030000, Bittrex, 0.00000579
20160205, 040000, Bittrex, 0.00000579
20160205, 050000, Bittrex, 0.00000579
20160205, 060000, Bittrex, 0.00000579
20160205, 070000, Bittrex, 0.00000579
20160205, 080000, Bittrex, 0.00000579
20160205, 090000, Bittrex, 0.00000579
20160205, 100000, Bittrex, 0.00000579
20160205, 110000, Bittrex, 0.00000579
20160205, 120000, Bittrex, 0.00000579
20160205, 130000, Bittrex, 0.00000579
20160205, 140000, Bittrex, 0.00000579
20160205, 150000, Bittrex, 0.00000579
20160205, 160000, Bittrex, 0.00000571
20160205, 170000, Bittrex, 0.00000571
20160205, 180000, Bittrex, 0.00000502
20160205, 190000, Bittrex, 0.00000502
20160205, 200000, Bittrex, 0.00000502
20160205, 210000, Bittrex, 0.00000502
20160205, 220000, Bittrex, 0.00000587
20160205, 230000, Bittrex, 0.00000587
20160206, 000000, Bittrex, 0.00000587
20160206, 010000, Bittrex, 0.00000517
20160206, 020000, Bittrex, 0.00000525
20160206, 030000, Bittrex, 0.00000502
20160206, 040000, Bittrex, 0.00000525
20160206, 050000, Bittrex, 0.00000525
20160206, 060000, Bittrex, 0.00000584
20160206, 070000, Bittrex, 0.00000584
20160206, 080000, Bittrex, 0.00000584
20160206, 090000, Bittrex, 0.00000584
20160206, 100000, Bittrex, 0.00000511
20160206, 110000, Bittrex, 0.00000511
20160206, 120000, Bittrex, 0.00000511
20160206, 130000, Bittrex, 0.00000511
20160206, 140000, Bittrex, 0.00000575
20160206, 150000, Bittrex, 0.00000575
20160206, 160000, Bittrex, 
20160206, 170000, Bittrex, 0.00000575
20160206, 180000, Bittrex, 0.00000575
20160206, 190000, Bittrex, 0.00000575
20160206, 200000, Bittrex, 0.00000575
20160206, 210000, Bittrex, 0.00000575
20160206, 220000, Bittrex, 0.00000575
20160206, 230000, Bittrex, 0.00000542
20160207, 000000, Bittrex, 0.00000542
20160207, 010000, Bittrex, 0.00000542
20160207, 020000, Bittrex, 0.00000542
20160207, 030000, Bittrex, 0.00000542
20160207, 040000, Bittrex, 0.00000542
20160207, 050000, Bittrex, 0.00000542
20160207, 060000, Bittrex, 0.00000542
20160207, 070000, Bittrex, 0.00000542
20160207, 080000, Bittrex, 0.00000542
20160207, 090000, Bittrex, 0.00000542
20160207, 100000, Bittrex, 0.00000542
20160207, 110000, Bittrex, 0.00000542
20160207, 120000, Bittrex, 0.00000542
20160207, 130000, Bittrex, 0.00000542
20160207, 140000, Bittrex, 0.00000542
20160207, 150000, Bittrex, 0.00000542
20160207, 160000, Bittrex, 0.00000511
20160207, 170000, Bittrex, 0.00000511
20160207, 180000, Bittrex, 0.00000511
20160207, 190000, Bittrex, 0.00000511
20160207, 200000, Bittrex, 0.00000511
20160207, 210000, Bittrex, 0.00000511
20160207, 220000, Bittrex, 0.00000511
20160207, 230000, Bittrex, 0.00000511
20160208, 000000, Bittrex, 0.00000511
20160208, 010000, Bittrex, 0.00000511
20160208, 020000, Bittrex, 0.00000511
20160208, 030000, Bittrex, 0.00000511
20160208, 040000, Bittrex, 0.00000511
20160208, 050000, Bittrex, 0.00000511
20160208, 060000, Bittrex, 0.00000511
20160208, 070000, Bittrex, 0.00000511
20160208, 080000, Bittrex, 0.00000511
20160208, 090000, Bittrex, 0.00000511
20160208, 100000, Bittrex, 0.00000511
20160208, 110000, Bittrex, 0.00000511
20160208, 120000, Bittrex, 0.00000511
20160208, 130000, Bittrex, 0.00000511
20160208, 140000, Bittrex, 0.00000511
20160208, 150000, Bittrex, 0.00000511
20160208, 160000, Bittrex, 0.00000511
20160208, 170000, Bittrex, 0.00000508
20160208, 180000, Bittrex, 0.00000508
20160208, 190000, Bittrex, 0.00000508
20160208, 200000, Bittrex, 0.00000508
20160208, 210000, Bittrex, 0.00000346
20160208, 220000, Bittrex, 0.00000346
20160208, 230000, Bittrex, 0.00000346
20160209, 000000, Bittrex, 0.00000346
20160209, 010000, Bittrex, 0.00000346
20160209, 020000, Bittrex, 0.00000346
20160209, 030000, Bittrex, 0.00000476
20160209, 040000, Bittrex, 0.00000476
20160209, 050000, Bittrex, 0.00000476
20160209, 060000, Bittrex, 0.00000476
20160209, 070000, Bittrex, 0.00000476
20160209, 080000, Bittrex, 0.00000476
20160209, 090000, Bittrex, 0.00000469
20160209, 100000, Bittrex, 0.00000469
20160209, 110000, Bittrex, 0.00000469
20160209, 120000, Bittrex, 0.00000469
20160209, 130000, Bittrex, 0.00000469
20160209, 140000, Bittrex, 0.00000469
20160209, 150000, Bittrex, 0.00000469
20160209, 160000, Bittrex, 0.00000469
20160209, 170000, Bittrex, 0.00000345
20160209, 180000, Bittrex, 0.00000353
20160209, 190000, Bittrex, 0.00000353
20160209, 200000, Bittrex, 0.00000353
20160209, 210000, Bittrex, 0.00000353
20160209, 220000, Bittrex, 0.00000353
20160209, 230000, Bittrex, 0.00000353
20160210, 000000, Bittrex, 0.00000400
20160210, 010000, Bittrex, 0.00000400
20160210, 020000, Bittrex, 0.00000401
20160210, 030000, Bittrex, 0.00000401
20160210, 040000, Bittrex, 0.00000401
20160210, 050000, Bittrex, 0.00000360
20160210, 060000, Bittrex, 0.00000360
20160210, 070000, Bittrex, 0.00000360
20160210, 080000, Bittrex, 0.00000344
20160210, 090000, Bittrex, 0.00000344
20160210, 100000, Bittrex, 0.00000350
20160210, 110000, Bittrex, 0.00000350
20160210, 120000, Bittrex, 0.00000350
20160210, 130000, Bittrex, 0.00000350
20160210, 140000, Bittrex, 0.00000350
20160210, 150000, Bittrex, 0.00000350
20160210, 160000, Bittrex, 0.00000350
20160210, 170000, Bittrex, 0.00000350
20160210, 180000, Bittrex, 0.00000350
20160210, 190000, Bittrex, 0.00000350
20160210, 200000, Bittrex, 0.00000400
20160210, 210000, Bittrex, 0.00000410
20160210, 220000, Bittrex, 0.00000410
20160210, 230000, Bittrex, 0.00000410
20160211, 000000, Bittrex, 0.00000410
20160211, 010000, Bittrex, 0.00000410
20160211, 020000, Bittrex, 0.00000410
20160211, 030000, Bittrex, 0.00000410
20160211, 040000, Bittrex, 0.00000410
20160211, 050000, Bittrex, 0.00000410
20160211, 060000, Bittrex, 0.00000410
20160211, 070000, Bittrex, 0.00000410
20160211, 080000, Bittrex, 0.00000410
20160211, 090000, Bittrex, 0.00000380
20160211, 100000, Bittrex, 0.00000429
20160211, 110000, Bittrex, 0.00000426
20160211, 120000, Bittrex, 0.00000521
20160211, 130000, Bittrex, 0.00000521
20160211, 140000, Bittrex, 0.00000521
20160211, 150000, Bittrex, 0.00000479
20160211, 160000, Bittrex, 0.00000479
20160211, 170000, Bittrex, 0.00000513
20160211, 180000, Bittrex, 0.00000513
20160211, 190000, Bittrex, 0.00000513
20160211, 200000, Bittrex, 0.00000513
20160211, 210000, Bittrex, 0.00000519
20160211, 220000, Bittrex, 0.00000519
20160211, 230000, Bittrex, 0.00000519
20160212, 000000, Bittrex, 0.00000519
20160212, 010000, Bittrex, 0.00000519
20160212, 020000, Bittrex, 0.00000519
20160212, 030000, Bittrex, 0.00000519
20160212, 040000, Bittrex, 0.00000518
20160212, 050000, Bittrex, 0.00000518
20160212, 060000, Bittrex, 0.00000518
20160212, 070000, Bittrex, 0.00000516
20160212, 080000, Bittrex, 0.00000516
20160212, 090000, Bittrex, 0.00000516
20160212, 100000, Bittrex, 0.00000516
20160212, 110000, Bittrex, 0.00000519
20160212, 120000, Bittrex, 0.00000519
20160212, 130000, Bittrex, 0.00000519
20160212, 140000, Bittrex, 0.00000519
20160212, 150000, Bittrex, 0.00000519
20160212, 160000, Bittrex, 0.00000519
20160212, 170000, Bittrex, 0.00000519
20160212, 180000, Bittrex, 0.00000519
20160212, 190000, Bittrex, 0.00000498
20160212, 200000, Bittrex, 0.00000492
20160212, 210000, Bittrex, 0.00000492
20160212, 220000, Bittrex, 0.00000507
20160212, 230000, Bittrex, 0.00000507
20160213, 000000, Bittrex, 0.00000507
20160213, 010000, Bittrex, 0.00000530
20160213, 020000, Bittrex, 0.00000530
20160213, 030000, Bittrex, 0.00000530
20160213, 040000, Bittrex, 0.00000530
20160213, 050000, Bittrex, 0.00000555
20160213, 060000, Bittrex, 0.00000510
20160213, 070000, Bittrex, 0.00000529
20160213, 080000, Bittrex, 0.00000529
20160213, 090000, Bittrex, 0.00000510
20160213, 100000, Bittrex, 0.00000510
20160213, 110000, Bittrex, 0.00000529
20160213, 120000, Bittrex, 0.00000531
20160213, 130000, Bittrex, 0.00000531
20160213, 140000, Bittrex, 0.00000531
20160213, 150000, Bittrex, 0.00000531
20160213, 160000, Bittrex, 0.00000531
20160213, 170000, Bittrex, 0.00000531
20160213, 180000, Bittrex, 0.00000531
20160213, 190000, Bittrex, 0.00000531
20160213, 200000, Bittrex, 0.00000531
20160213, 210000, Bittrex, 0.00000531
20160213, 220000, Bittrex, 0.00000531
20160213, 230000, Bittrex, 0.00000531
20160214, 000000, Bittrex, 0.00000531
20160214, 010000, Bittrex, 0.00000531
20160214, 020000, Bittrex, 0.00000531
20160214, 030000, Bittrex, 0.00000531
20160214, 040000, Bittrex, 0.00000531
20160214, 050000, Bittrex, 0.00000517
20160214, 060000, Bittrex, 0.00000517
20160214, 070000, Bittrex, 0.00000551
20160214, 080000, Bittrex, 0.00000551
20160214, 090000, Bittrex, 0.00000555
20160214, 100000, Bittrex, 0.00000555
20160214, 110000, Bittrex, 0.00000555
20160214, 120000, Bittrex, 0.00000555
20160214, 130000, Bittrex, 0.00000555
20160214, 140000, Bittrex, 0.00000575
20160214, 150000, Bittrex, 0.00000575
20160214, 160000, Bittrex, 0.00000575
20160214, 170000, Bittrex, 0.00000575
20160214, 180000, Bittrex, 0.00000575
20160214, 190000, Bittrex, 0.00000575
20160214, 200000, Bittrex, 0.00000524
20160214, 210000, Bittrex, 0.00000524
20160214, 220000, Bittrex, 0.00000524
20160214, 230000, Bittrex, 0.00000545
20160215, 000000, Bittrex, 0.00000545
20160215, 010000, Bittrex, 0.00000545
20160215, 020000, Bittrex, 0.00000545
20160215, 030000, Bittrex, 0.00000568
20160215, 040000, Bittrex, 0.00000568
20160215, 050000, Bittrex, 0.00000568
20160215, 060000, Bittrex, 0.00000568
20160215, 070000, Bittrex, 0.00000568
20160215, 080000, Bittrex, 0.00000568
20160215, 090000, Bittrex, 0.00000568
20160215, 100000, Bittrex, 0.00000555
20160215, 110000, Bittrex, 0.00000555
20160215, 120000, Bittrex, 0.00000555
20160215, 130000, Bittrex, 0.00000555
20160215, 140000, Bittrex, 0.00000521
20160215, 150000, Bittrex, 0.00000521
20160215, 160000, Bittrex, 0.00000521
20160215, 170000, Bittrex, 0.00000526
20160215, 180000, Bittrex, 0.00000526
20160215, 190000, Bittrex, 0.00000526
20160215, 200000, Bittrex, 0.00000526
20160215, 210000, Bittrex, 0.00000526
20160215, 220000, Bittrex, 0.00000526
20160215, 230000, Bittrex, 0.00000526
20160216, 000000, Bittrex, 0.00000526
20160216, 010000, Bittrex, 0.00000526
20160216, 020000, Bittrex, 0.00000526
20160216, 030000, Bittrex, 0.00000530
20160216, 040000, Bittrex, 0.00000530
20160216, 050000, Bittrex, 0.00000530
20160216, 060000, Bittrex, 0.00000530
20160216, 070000, Bittrex, 0.00000530
20160216, 080000, Bittrex, 0.00000530
20160216, 090000, Bittrex, 0.00000530
20160216, 100000, Bittrex, 0.00000530
20160216, 110000, Bittrex, 0.00000530
20160216, 120000, Bittrex, 0.00000530
20160216, 130000, Bittrex, 0.00000530
20160216, 140000, Bittrex, 0.00000530
20160216, 150000, Bittrex, 0.00000588
20160216, 160000, Bittrex, 0.00000588
20160216, 170000, Bittrex, 0.00000552
20160216, 180000, Bittrex, 0.00000552
20160216, 190000, Bittrex, 0.00000552
20160216, 200000, Bittrex, 0.00000552
20160216, 210000, Bittrex, 0.00000552
20160216, 220000, Bittrex, 0.00000552
20160216, 230000, Bittrex, 0.00000552
20160217, 000000, Bittrex, 0.00000552
20160217, 010000, Bittrex, 0.00000552
20160217, 020000, Bittrex, 0.00000552
20160217, 030000, Bittrex, 0.00000523
20160217, 040000, Bittrex, 0.00000523
20160217, 050000, Bittrex, 0.00000523
20160217, 060000, Bittrex, 0.00000523
20160217, 070000, Bittrex, 0.00000523
20160217, 080000, Bittrex, 0.00000523
20160217, 090000, Bittrex, 0.00000523
20160217, 100000, Bittrex, 0.00000523
20160217, 110000, Bittrex, 0.00000523
20160217, 120000, Bittrex, 0.00000523
20160217, 130000, Bittrex, 0.00000523
20160217, 140000, Bittrex, 0.00000523
20160217, 150000, Bittrex, 0.00000523
20160217, 160000, Bittrex, 0.00000523
20160217, 170000, Bittrex, 0.00000523
20160217, 180000, Bittrex, 0.00000523
20160217, 190000, Bittrex, 0.00000523
20160217, 200000, Bittrex, 0.00000523
20160217, 210000, Bittrex, 0.00000523
20160217, 220000, Bittrex, 0.00000523
20160217, 230000, Bittrex, 0.00000523
20160218, 000000, Bittrex, 0.00000523
20160218, 010000, Bittrex, 0.00000596
20160218, 020000, Bittrex, 0.00000599
20160218, 030000, Bittrex, 0.00000599
20160218, 040000, Bittrex, 0.00000599
20160218, 050000, Bittrex, 0.00000599
20160218, 060000, Bittrex, 0.00000599
20160218, 070000, Bittrex, 0.00000599
20160218, 080000, Bittrex, 0.00000599
20160218, 090000, Bittrex, 0.00000599
20160218, 100000, Bittrex, 0.00000599
20160218, 110000, Bittrex, 0.00000599
20160218, 120000, Bittrex, 0.00000530
20160218, 130000, Bittrex, 0.00000528
20160218, 140000, Bittrex, 0.00000528
20160218, 150000, Bittrex, 0.00000530
20160218, 160000, Bittrex, 0.00000530
20160218, 170000, Bittrex, 0.00000530
20160218, 180000, Bittrex, 0.00000530
20160218, 190000, Bittrex, 0.00000530
20160218, 200000, Bittrex, 0.00000530
20160218, 210000, Bittrex, 0.00000530
20160218, 220000, Bittrex, 0.00000530
20160218, 230000, Bittrex, 0.00000359
20160219, 000000, Bittrex, 0.00000472
20160219, 010000, Bittrex, 0.00000472
20160219, 020000, Bittrex, 0.00000472
20160219, 030000, Bittrex, 0.00000472
20160219, 040000, Bittrex, 0.00000472
20160219, 050000, Bittrex, 0.00000477
20160219, 060000, Bittrex, 0.00000472
20160219, 070000, Bittrex, 0.00000472
20160219, 080000, Bittrex, 0.00000472
20160219, 090000, Bittrex, 0.00000472
20160219, 100000, Bittrex, 0.00000472
20160219, 110000, Bittrex, 0.00000472
20160219, 120000, Bittrex, 0.00000472
20160219, 130000, Bittrex, 0.00000472
20160219, 140000, Bittrex, 0.00000472
20160219, 150000, Bittrex, 0.00000358
20160219, 160000, Bittrex, 0.00000358
20160219, 170000, Bittrex, 0.00000358
20160219, 180000, Bittrex, 0.00000358
20160219, 190000, Bittrex, 0.00000358
20160219, 200000, Bittrex, 0.00000358
20160219, 210000, Bittrex, 0.00000358
20160219, 220000, Bittrex, 0.00000358
20160219, 230000, Bittrex, 0.00000358
20160220, 000000, Bittrex, 0.00000358
20160220, 010000, Bittrex, 0.00000358
20160220, 020000, Bittrex, 0.00000358
20160220, 030000, Bittrex, 0.00000358
20160220, 040000, Bittrex, 0.00000358
20160220, 050000, Bittrex, 0.00000358
20160220, 060000, Bittrex, 0.00000358
20160220, 070000, Bittrex, 0.00000358
20160220, 080000, Bittrex, 0.00000358
20160220, 090000, Bittrex, 0.00000358
20160220, 100000, Bittrex, 0.00000358
20160220, 110000, Bittrex, 0.00000443
20160220, 120000, Bittrex, 0.00000443
20160220, 130000, Bittrex, 0.00000443
20160220, 140000, Bittrex, 0.00000443
20160220, 150000, Bittrex, 0.00000443
20160220, 160000, Bittrex, 0.00000443
20160220, 170000, Bittrex, 0.00000443
20160220, 180000, Bittrex, 0.00000443
20160220, 190000, Bittrex, 0.00000443
20160220, 200000, Bittrex, 0.00000443
20160220, 210000, Bittrex, 0.00000443
20160220, 220000, Bittrex, 0.00000443
20160220, 230000, Bittrex, 0.00000443
20160221, 000000, Bittrex, 0.00000443
20160221, 010000, Bittrex, 0.00000443
20160221, 020000, Bittrex, 0.00000443
20160221, 030000, Bittrex, 0.00000443
20160221, 040000, Bittrex, 0.00000443
20160221, 050000, Bittrex, 0.00000443
20160221, 060000, Bittrex, 0.00000443
20160221, 070000, Bittrex, 0.00000443
20160221, 080000, Bittrex, 0.00000443
20160221, 090000, Bittrex, 0.00000443
20160221, 100000, Bittrex, 0.00000443
20160221, 110000, Bittrex, 0.00000443
20160221, 120000, Bittrex, 0.00000443
20160221, 130000, Bittrex, 0.00000436
20160221, 140000, Bittrex, 0.00000436
20160221, 150000, Bittrex, 0.00000436
20160221, 160000, Bittrex, 0.00000436
20160221, 170000, Bittrex, 0.00000436
20160221, 180000, Bittrex, 0.00000436
20160221, 190000, Bittrex, 0.00000436
20160221, 200000, Bittrex, 0.00000436
20160221, 210000, Bittrex, 0.00000436
20160221, 220000, Bittrex, 0.00000436
20160221, 230000, Bittrex, 0.00000436
20160222, 000000, Bittrex, 0.00000436
20160222, 010000, Bittrex, 0.00000436
20160222, 020000, Bittrex, 0.00000436
20160222, 030000, Bittrex, 0.00000436
20160222, 040000, Bittrex, 0.00000436
20160222, 050000, Bittrex, 0.00000436
20160222, 060000, Bittrex, 0.00000436
20160222, 070000, Bittrex, 0.00000436
20160222, 080000, Bittrex, 0.00000436
20160222, 090000, Bittrex, 0.00000436
20160222, 100000, Bittrex, 0.00000436
20160222, 110000, Bittrex, 0.00000432
20160222, 120000, Bittrex, 0.00000432
20160222, 130000, Bittrex, 0.00000432
20160222, 140000, Bittrex, 0.00000432
20160222, 150000, Bittrex, 0.00000432
20160222, 160000, Bittrex, 0.00000432
20160222, 170000, Bittrex, 0.00000432
20160222, 180000, Bittrex, 0.00000432
20160222, 190000, Bittrex, 0.00000432
20160222, 200000, Bittrex, 0.00000432
20160222, 210000, Bittrex, 0.00000432
20160222, 220000, Bittrex, 0.00000432
20160222, 230000, Bittrex, 0.00000432
20160223, 000000, Bittrex, 0.00000432
20160223, 010000, Bittrex, 0.00000432
20160223, 020000, Bittrex, 0.00000432
20160223, 030000, Bittrex, 0.00000432
20160223, 040000, Bittrex, 0.00000432
20160223, 050000, Bittrex, 0.00000432
20160223, 060000, Bittrex, 0.00000432
20160223, 070000, Bittrex, 0.00000422
20160223, 080000, Bittrex, 0.00000422
20160223, 090000, Bittrex, 0.00000422
20160223, 100000, Bittrex, 0.00000405
20160223, 110000, Bittrex, 0.00000405
20160223, 120000, Bittrex, 0.00000405
20160223, 130000, Bittrex, 0.00000405
20160223, 140000, Bittrex, 0.00000405
20160223, 150000, Bittrex, 0.00000405
20160223, 160000, Bittrex, 0.00000405
20160223, 170000, Bittrex, 0.00000405
20160223, 180000, Bittrex, 0.00000405
20160223, 190000, Bittrex, 0.00000405
20160223, 200000, Bittrex, 0.00000405
20160223, 210000, Bittrex, 0.00000405
20160223, 220000, Bittrex, 0.00000405
20160223, 230000, Bittrex, 0.00000407
20160224, 000000, Bittrex, 0.00000407
20160224, 010000, Bittrex, 0.00000450
20160224, 020000, Bittrex, 0.00000450
20160224, 030000, Bittrex, 0.00000426
20160224, 040000, Bittrex, 0.00000426
20160224, 050000, Bittrex, 0.00000426
20160224, 060000, Bittrex, 0.00000426
20160224, 070000, Bittrex, 0.00000426
20160224, 080000, Bittrex, 0.00000426
20160224, 090000, Bittrex, 0.00000426
20160224, 100000, Bittrex, 0.00000426
20160224, 110000, Bittrex, 0.00000426
20160224, 120000, Bittrex, 0.00000426
20160224, 130000, Bittrex, 0.00000389
20160224, 140000, Bittrex, 0.00000389
20160224, 150000, Bittrex, 0.00000389
20160224, 160000, Bittrex, 0.00000389
20160224, 170000, Bittrex, 0.00000389
20160224, 180000, Bittrex, 0.00000389
20160224, 190000, Bittrex, 0.00000389
20160224, 200000, Bittrex, 0.00000389
20160224, 210000, Bittrex, 0.00000389
20160224, 220000, Bittrex, 0.00000389
20160224, 230000, Bittrex, 0.00000389
20160225, 000000, Bittrex, 0.00000389
20160225, 010000, Bittrex, 0.00000389
20160225, 020000, Bittrex, 0.00000389
20160225, 030000, Bittrex, 0.00000389
20160225, 040000, Bittrex, 0.00000389
20160225, 050000, Bittrex, 0.00000389
20160225, 060000, Bittrex, 0.00000389
20160225, 070000, Bittrex, 0.00000389
20160225, 080000, Bittrex, 0.00000389
20160225, 090000, Bittrex, 0.00000389
20160225, 100000, Bittrex, 0.00000389
20160225, 110000, Bittrex, 0.00000389
20160225, 120000, Bittrex, 0.00000389
20160225, 130000, Bittrex, 0.00000345
20160225, 140000, Bittrex, 0.00000345
20160225, 150000, Bittrex, 0.00000345
20160225, 160000, Bittrex, 0.00000345
20160225, 170000, Bittrex, 0.00000345
20160225, 180000, Bittrex, 0.00000345
20160225, 190000, Bittrex, 0.00000345
20160225, 200000, Bittrex, 0.00000345
20160225, 210000, Bittrex, 0.00000345
20160225, 220000, Bittrex, 0.00000345
20160225, 230000, Bittrex, 0.00000345
20160226, 000000, Bittrex, 0.00000345
20160226, 010000, Bittrex, 0.00000345
20160226, 020000, Bittrex, 0.00000345
20160226, 030000, Bittrex, 0.00000345
20160226, 040000, Bittrex, 0.00000345
20160226, 050000, Bittrex, 0.00000345
20160226, 060000, Bittrex, 0.00000345
20160226, 070000, Bittrex, 0.00000345
20160226, 080000, Bittrex, 0.00000447
20160226, 090000, Bittrex, 0.00000447
20160226, 100000, Bittrex, 0.00000447
20160226, 110000, Bittrex, 0.00000447
20160226, 120000, Bittrex, 0.00000447
20160226, 130000, Bittrex, 0.00000447
20160226, 140000, Bittrex, 0.00000447
20160226, 150000, Bittrex, 0.00000447
20160226, 160000, Bittrex, 0.00000447
20160226, 170000, Bittrex, 0.00000447
20160226, 180000, Bittrex, 0.00000447
20160226, 190000, Bittrex, 0.00000447
20160226, 200000, Bittrex, 0.00000447
20160226, 210000, Bittrex, 0.00000447
20160226, 220000, Bittrex, 0.00000447
20160226, 230000, Bittrex, 0.00000447
20160227, 000000, Bittrex, 0.00000447
20160227, 010000, Bittrex, 0.00000447
20160227, 020000, Bittrex, 0.00000465
20160227, 030000, Bittrex, 0.00000465
20160227, 040000, Bittrex, 0.00000465
20160227, 050000, Bittrex, 0.00000465
20160227, 060000, Bittrex, 0.00000465
20160227, 070000, Bittrex, 0.00000465
20160227, 080000, Bittrex, 0.00000465
20160227, 090000, Bittrex, 0.00000465
20160227, 100000, Bittrex, 0.00000465
20160227, 110000, Bittrex, 0.00000465
20160301, 220000, Bittrex, 0.00000382
20160301, 230000, Bittrex, 0.00000382
20160302, 000000, Bittrex, 0.00000382
20160302, 010000, Bittrex, 0.00000382
20160302, 020000, Bittrex, 0.00000382
20160302, 030000, Bittrex, 0.00000382
20160302, 040000, Bittrex, 0.00000382
20160302, 050000, Bittrex, 0.00000382
20160302, 060000, Bittrex, 0.00000382
20160302, 070000, Bittrex, 0.00000382
20160302, 080000, Bittrex, 0.00000382
20160302, 090000, Bittrex, 0.00000382
20160302, 100000, Bittrex, 0.00000382
20160302, 110000, Bittrex, 0.00000382
20160302, 120000, Bittrex, 0.00000382
20160302, 130000, Bittrex, 0.00000382
20160302, 140000, Bittrex, 0.00000382
20160302, 150000, Bittrex, 0.00000382
20160302, 160000, Bittrex, 0.00000382
20160302, 170000, Bittrex, 0.00000382
20160302, 180000, Bittrex, 0.00000382
20160302, 190000, Bittrex, 0.00000382
20160302, 200000, Bittrex, 0.00000382
20160302, 210000, Bittrex, 0.00000382
20160302, 220000, Bittrex, 0.00000382
20160302, 230000, Bittrex, 0.00000382
20160303, 000000, Bittrex, 0.00000380
20160303, 010000, Bittrex, 0.00000380
20160303, 020000, Bittrex, 0.00000380
20160303, 030000, Bittrex, 0.00000380
20160303, 040000, Bittrex, 0.00000380
20160303, 050000, Bittrex, 0.00000380
20160303, 060000, Bittrex, 0.00000380
20160303, 070000, Bittrex, 0.00000380
20160303, 080000, Bittrex, 0.00000380
20160303, 090000, Bittrex, 0.00000380
20160303, 100000, Bittrex, 0.00000380
20160303, 110000, Bittrex, 0.00000380
20160303, 120000, Bittrex, 0.00000380
20160303, 130000, Bittrex, 0.00000380
20160303, 140000, Bittrex, 0.00000380
20160303, 150000, Bittrex, 0.00000380
20160303, 160000, Bittrex, 0.00000380
20160303, 170000, Bittrex, 0.00000380
20160303, 180000, Bittrex, 0.00000380
20160303, 190000, Bittrex, 0.00000380
20160303, 200000, Bittrex, 0.00000380
20160303, 210000, Bittrex, 0.00000380
20160303, 220000, Bittrex, 0.00000380
20160303, 230000, Bittrex, 0.00000380
20160304, 000000, Bittrex, 0.00000377
20160304, 010000, Bittrex, 0.00000376
20160304, 020000, Bittrex, 0.00000376
20160304, 030000, Bittrex, 0.00000376
20160304, 040000, Bittrex, 0.00000376
20160304, 050000, Bittrex, 0.00000376
20160304, 060000, Bittrex, 0.00000375
20160304, 070000, Bittrex, 0.00000355
20160304, 080000, Bittrex, 0.00000354
20160304, 090000, Bittrex, 0.00000354
20160304, 100000, Bittrex, 0.00000354
20160304, 110000, Bittrex, 0.00000354
20160304, 120000, Bittrex, 0.00000354
20160304, 130000, Bittrex, 0.00000354
20160304, 140000, Bittrex, 0.00000354
20160304, 150000, Bittrex, 0.00000354
20160304, 160000, Bittrex, 0.00000354
20160304, 170000, Bittrex, 0.00000354
20160304, 180000, Bittrex, 0.00000354
20160304, 190000, Bittrex, 0.00000354
20160304, 200000, Bittrex, 0.00000354
20160304, 210000, Bittrex, 0.00000354
20160304, 220000, Bittrex, 0.00000354
20160304, 230000, Bittrex, 0.00000354
20160305, 000000, Bittrex, 0.00000354
20160305, 010000, Bittrex, 0.00000354
20160305, 020000, Bittrex, 0.00000354
20160305, 030000, Bittrex, 0.00000354
20160305, 040000, Bittrex, 0.00000354
20160305, 050000, Bittrex, 0.00000354
20160305, 060000, Bittrex, 0.00000354
20160305, 070000, Bittrex, 0.00000354
20160305, 080000, Bittrex, 0.00000354
20160305, 090000, Bittrex, 0.00000354
20160305, 100000, Bittrex, 0.00000354
20160305, 110000, Bittrex, 0.00000354
20160305, 120000, Bittrex, 0.00000354
20160305, 130000, Bittrex, 0.00000368
20160305, 140000, Bittrex, 0.00000368
20160305, 150000, Bittrex, 0.00000368
20160305, 160000, Bittrex, 0.00000368
20160305, 170000, Bittrex, 0.00000368
20160305, 180000, Bittrex, 0.00000368
20160305, 190000, Bittrex, 0.00000368
20160305, 200000, Bittrex, 0.00000369
20160305, 210000, Bittrex, 0.00000369
20160305, 220000, Bittrex, 0.00000369
20160305, 230000, Bittrex, 0.00000369
20160306, 000000, Bittrex, 0.00000369
20160306, 010000, Bittrex, 0.00000380
20160306, 020000, Bittrex, 0.00000380
20160306, 030000, Bittrex, 0.00000380
20160306, 040000, Bittrex, 0.00000465
20160306, 050000, Bittrex, 0.00000465
20160306, 060000, Bittrex, 0.00000465
20160306, 070000, Bittrex, 0.00000465
20160306, 080000, Bittrex, 0.00000465
20160306, 090000, Bittrex, 0.00000394
20160306, 100000, Bittrex, 0.00000394
20160306, 110000, Bittrex, 0.00000371
20160306, 120000, Bittrex, 0.00000463
20160306, 130000, Bittrex, 0.00000463
20160306, 140000, Bittrex, 0.00000463
20160306, 150000, Bittrex, 0.00000463
20160306, 160000, Bittrex, 0.00000463
20160306, 170000, Bittrex, 0.00000463
20160306, 180000, Bittrex, 0.00000463
20160306, 190000, Bittrex, 0.00000463
20160306, 200000, Bittrex, 0.00000463
20160306, 210000, Bittrex, 0.00000463
20160306, 220000, Bittrex, 0.00000463
20160306, 230000, Bittrex, 0.00000413
20160307, 000000, Bittrex, 
20160307, 010000, Bittrex, 0.00000412
20160307, 020000, Bittrex, 0.00000412
20160307, 030000, Bittrex, 0.00000412
20160307, 040000, Bittrex, 0.00000412
20160307, 050000, Bittrex, 0.00000412
20160307, 060000, Bittrex, 0.00000412
20160307, 070000, Bittrex, 0.00000412
20160307, 080000, Bittrex, 0.00000412
20160307, 090000, Bittrex, 0.00000385
20160307, 100000, Bittrex, 0.00000385
20160307, 110000, Bittrex, 0.00000385
20160307, 120000, Bittrex, 0.00000398
20160307, 130000, Bittrex, 0.00000398
20160307, 140000, Bittrex, 0.00000398
20160307, 150000, Bittrex, 0.00000372
20160307, 160000, Bittrex, 0.00000372
20160307, 170000, Bittrex, 0.00000372
20160307, 180000, Bittrex, 0.00000372
20160307, 190000, Bittrex, 0.00000372
20160307, 200000, Bittrex, 0.00000372
20160307, 210000, Bittrex, 0.00000372
20160307, 220000, Bittrex, 0.00000372
20160307, 230000, Bittrex, 0.00000372
20160308, 000000, Bittrex, 0.00000372
20160308, 010000, Bittrex, 0.00000372
20160308, 020000, Bittrex, 0.00000372
20160308, 030000, Bittrex, 0.00000372
20160308, 040000, Bittrex, 0.00000372
20160308, 050000, Bittrex, 0.00000372
20160308, 060000, Bittrex, 0.00000372
20160308, 070000, Bittrex, 0.00000372
20160308, 080000, Bittrex, 0.00000372
20160308, 090000, Bittrex, 0.00000372
20160308, 100000, Bittrex, 0.00000372
20160308, 110000, Bittrex, 0.00000372
20160308, 120000, Bittrex, 0.00000372
20160308, 130000, Bittrex, 0.00000372
20160308, 140000, Bittrex, 0.00000400
20160308, 150000, Bittrex, 0.00000400
20160308, 160000, Bittrex, 0.00000400
20160308, 170000, Bittrex, 0.00000400
20160308, 180000, Bittrex, 0.00000400
20160308, 190000, Bittrex, 0.00000400
20160308, 200000, Bittrex, 0.00000400
20160308, 210000, Bittrex, 0.00000400
20160308, 220000, Bittrex, 0.00000400
20160308, 230000, Bittrex, 0.00000400
20160309, 000000, Bittrex, 0.00000400
20160309, 010000, Bittrex, 0.00000400
20160309, 020000, Bittrex, 0.00000400
20160309, 030000, Bittrex, 0.00000400
20160309, 040000, Bittrex, 0.00000400
20160309, 050000, Bittrex, 0.00000400
20160309, 060000, Bittrex, 0.00000400
20160309, 070000, Bittrex, 0.00000400
20160309, 080000, Bittrex, 0.00000400
20160309, 090000, Bittrex, 0.00000400
20160309, 100000, Bittrex, 0.00000400
20160309, 110000, Bittrex, 0.00000400
20160309, 120000, Bittrex, 0.00000400
20160309, 130000, Bittrex, 0.00000400
20160309, 140000, Bittrex, 0.00000381
20160309, 150000, Bittrex, 0.00000381
20160309, 160000, Bittrex, 0.00000381
20160309, 170000, Bittrex, 0.00000381
20160309, 180000, Bittrex, 0.00000411
20160309, 190000, Bittrex, 0.00000411
20160309, 200000, Bittrex, 0.00000411
20160309, 210000, Bittrex, 0.00000411
20160309, 220000, Bittrex, 0.00000411
20160309, 230000, Bittrex, 0.00000411
20160310, 000000, Bittrex, 0.00000411
20160310, 010000, Bittrex, 0.00000411
20160310, 020000, Bittrex, 0.00000411
20160310, 030000, Bittrex, 0.00000411
20160310, 040000, Bittrex, 0.00000411
20160310, 050000, Bittrex, 0.00000411
20160310, 060000, Bittrex, 0.00000411
20160310, 070000, Bittrex, 0.00000411
20160310, 080000, Bittrex, 0.00000411
20160310, 090000, Bittrex, 0.00000411
20160310, 100000, Bittrex, 0.00000411
20160310, 110000, Bittrex, 0.00000411
20160310, 120000, Bittrex, 0.00000411
20160310, 130000, Bittrex, 0.00000411
20160310, 140000, Bittrex, 0.00000411
20160310, 150000, Bittrex, 0.00000482
20160310, 160000, Bittrex, 0.00000540
20160310, 170000, Bittrex, 0.00000540
20160310, 180000, Bittrex, 0.00000540
20160310, 190000, Bittrex, 0.00000540
20160310, 200000, Bittrex, 0.00000540
20160310, 210000, Bittrex, 0.00000540
20160310, 220000, Bittrex, 0.00000540
20160310, 230000, Bittrex, 0.00000540
20160311, 000000, Bittrex, 0.00000540
20160311, 010000, Bittrex, 0.00000540
20160311, 020000, Bittrex, 0.00000540
20160311, 030000, Bittrex, 0.00000540
20160311, 040000, Bittrex, 0.00000540
20160311, 050000, Bittrex, 0.00000447
20160311, 060000, Bittrex, 0.00000447
20160311, 070000, Bittrex, 0.00000447
20160311, 080000, Bittrex, 0.00000447
20160311, 090000, Bittrex, 0.00000447
20160311, 100000, Bittrex, 0.00000458
20160311, 110000, Bittrex, 0.00000460
20160311, 120000, Bittrex, 0.00000460
20160311, 130000, Bittrex, 0.00000460
20160311, 140000, Bittrex, 0.00000460
20160311, 150000, Bittrex, 0.00000460
20160311, 160000, Bittrex, 0.00000460
20160311, 170000, Bittrex, 0.00000460
20160311, 180000, Bittrex, 0.00000460
20160311, 190000, Bittrex, 0.00000460
20160311, 200000, Bittrex, 0.00000460
20160311, 210000, Bittrex, 0.00000460
20160311, 220000, Bittrex, 0.00000460
20160311, 230000, Bittrex, 0.00000460
20160312, 000000, Bittrex, 0.00000460
20160312, 010000, Bittrex, 0.00000460
20160312, 020000, Bittrex, 0.00000460
20160312, 030000, Bittrex, 0.00000460
20160312, 040000, Bittrex, 0.00000460
20160312, 050000, Bittrex, 0.00000460
20160312, 060000, Bittrex, 0.00000460
20160312, 070000, Bittrex, 0.00000460
20160312, 080000, Bittrex, 0.00000460
20160312, 090000, Bittrex, 0.00000460
20160312, 100000, Bittrex, 0.00000540
20160312, 110000, Bittrex, 0.00000540
20160312, 120000, Bittrex, 0.00000483
20160312, 130000, Bittrex, 0.00000483
20160312, 140000, Bittrex, 0.00000483
20160312, 150000, Bittrex, 0.00000483
20160312, 160000, Bittrex, 0.00000467
20160312, 170000, Bittrex, 0.00000467
20160312, 180000, Bittrex, 0.00000467
20160312, 190000, Bittrex, 0.00000467
20160312, 200000, Bittrex, 0.00000467
20160312, 210000, Bittrex, 0.00000467
20160312, 220000, Bittrex, 0.00000467
20160312, 230000, Bittrex, 0.00000467
20160313, 000000, Bittrex, 
20160313, 010000, Bittrex, 0.00000467
20160313, 030000, Bittrex, 0.00000467
20160313, 040000, Bittrex, 0.00000467
20160313, 050000, Bittrex, 0.00000467
20160313, 060000, Bittrex, 0.00000467
20160313, 070000, Bittrex, 0.00000467
20160313, 080000, Bittrex, 0.00000467
20160313, 090000, Bittrex, 0.00000467
20160313, 100000, Bittrex, 0.00000467
20160313, 110000, Bittrex, 0.00000467
20160313, 120000, Bittrex, 0.00000467
20160313, 130000, Bittrex, 0.00000467
20160313, 140000, Bittrex, 0.00000467
20160313, 150000, Bittrex, 0.00000467
20160313, 160000, Bittrex, 0.00000467
20160313, 170000, Bittrex, 0.00000467
20160313, 180000, Bittrex, 0.00000467
20160313, 190000, Bittrex, 0.00000467
20160313, 200000, Bittrex, 0.00000467
20160313, 210000, Bittrex, 0.00000467
20160313, 220000, Bittrex, 0.00000409
20160313, 230000, Bittrex, 0.00000401
20160314, 000000, Bittrex, 0.00000401
20160314, 010000, Bittrex, 0.00000401
20160314, 020000, Bittrex, 0.00000401
20160314, 030000, Bittrex, 0.00000401
20160314, 040000, Bittrex, 0.00000401
20160314, 050000, Bittrex, 0.00000401
20160314, 060000, Bittrex, 0.00000401
20160314, 070000, Bittrex, 0.00000401
20160314, 080000, Bittrex, 0.00000401
20160314, 090000, Bittrex, 0.00000427
20160314, 100000, Bittrex, 0.00000427
20160314, 110000, Bittrex, 0.00000427
20160314, 120000, Bittrex, 0.00000426
20160314, 130000, Bittrex, 0.00000426
20160314, 140000, Bittrex, 0.00000426
20160314, 150000, Bittrex, 0.00000426
20160314, 160000, Bittrex, 0.00000426
20160314, 170000, Bittrex, 0.00000426
20160314, 180000, Bittrex, 0.00000426
20160314, 190000, Bittrex, 0.00000426
20160314, 200000, Bittrex, 0.00000426
20160314, 210000, Bittrex, 0.00000426
20160314, 220000, Bittrex, 0.00000426
20160314, 230000, Bittrex, 0.00000426
20160315, 000000, Bittrex, 0.00000426
20160315, 010000, Bittrex, 0.00000426
20160315, 020000, Bittrex, 0.00000426
20160315, 030000, Bittrex, 0.00000426
20160315, 040000, Bittrex, 0.00000426
20160315, 050000, Bittrex, 
20160315, 060000, Bittrex, 0.00000426
20160315, 070000, Bittrex, 0.00000426
20160315, 080000, Bittrex, 0.00000426
20160315, 090000, Bittrex, 0.00000426
20160315, 100000, Bittrex, 0.00000426
20160315, 110000, Bittrex, 0.00000426
20160315, 120000, Bittrex, 0.00000426
20160315, 130000, Bittrex, 0.00000426
20160315, 140000, Bittrex, 0.00000426
20160315, 150000, Bittrex, 0.00000426
20160315, 160000, Bittrex, 0.00000426
20160315, 170000, Bittrex, 0.00000426
20160315, 180000, Bittrex, 0.00000426
20160315, 190000, Bittrex, 0.00000426
20160315, 200000, Bittrex, 0.00000426
20160315, 210000, Bittrex, 0.00000426
20160315, 220000, Bittrex, 0.00000426
20160315, 230000, Bittrex, 0.00000426
20160316, 000000, Bittrex, 0.00000426
20160316, 010000, Bittrex, 0.00000426
20160316, 020000, Bittrex, 0.00000426
20160316, 030000, Bittrex, 0.00000426
20160316, 040000, Bittrex, 0.00000426
20160316, 050000, Bittrex, 0.00000426
20160316, 060000, Bittrex, 0.00000401
20160316, 070000, Bittrex, 0.00000401
20160316, 080000, Bittrex, 0.00000401
20160316, 090000, Bittrex, 0.00000401
20160316, 100000, Bittrex, 0.00000401
20160316, 110000, Bittrex, 0.00000425
20160316, 120000, Bittrex, 0.00000426
20160316, 130000, Bittrex, 0.00000426
20160316, 140000, Bittrex, 0.00000426
20160316, 150000, Bittrex, 0.00000426
20160316, 160000, Bittrex, 0.00000426
20160316, 170000, Bittrex, 0.00000426
20160316, 180000, Bittrex, 0.00000520
20160316, 190000, Bittrex, 0.00000520
20160316, 200000, Bittrex, 0.00000520
20160316, 210000, Bittrex, 0.00000415
20160316, 220000, Bittrex, 0.00000415
20160316, 230000, Bittrex, 0.00000415
20160317, 000000, Bittrex, 0.00000415
20160317, 010000, Bittrex, 0.00000416
20160317, 020000, Bittrex, 0.00000416
20160317, 030000, Bittrex, 0.00000416
20160317, 040000, Bittrex, 0.00000416
20160317, 050000, Bittrex, 0.00000416
20160317, 060000, Bittrex, 0.00000416
20160317, 070000, Bittrex, 0.00000416
20160317, 080000, Bittrex, 0.00000416
20160317, 090000, Bittrex, 0.00000416
20160317, 100000, Bittrex, 0.00000416
20160317, 110000, Bittrex, 0.00000416
20160317, 120000, Bittrex, 0.00000416
20160317, 130000, Bittrex, 0.00000416
20160317, 140000, Bittrex, 0.00000416
20160317, 150000, Bittrex, 0.00000416
20160317, 160000, Bittrex, 0.00000416
20160317, 170000, Bittrex, 0.00000416
20160317, 180000, Bittrex, 0.00000416
20160317, 190000, Bittrex, 0.00000416
20160317, 200000, Bittrex, 0.00000463
20160317, 210000, Bittrex, 0.00000463
20160317, 220000, Bittrex, 0.00000463
20160317, 230000, Bittrex, 0.00000456
20160318, 000000, Bittrex, 0.00000456
20160318, 010000, Bittrex, 0.00000456
20160318, 020000, Bittrex, 0.00000456
20160318, 030000, Bittrex, 0.00000456
20160318, 040000, Bittrex, 0.00000464
20160318, 050000, Bittrex, 0.00000673
20160318, 060000, Bittrex, 0.00000673
20160318, 070000, Bittrex, 0.00000673
20160318, 080000, Bittrex, 0.00000673
20160318, 090000, Bittrex, 0.00000475
20160318, 100000, Bittrex, 0.00000475
20160318, 110000, Bittrex, 0.00000475
20160318, 120000, Bittrex, 0.00000689
20160318, 130000, Bittrex, 0.00000476
20160318, 140000, Bittrex, 0.00000446
20160318, 150000, Bittrex, 0.00000446
20160318, 160000, Bittrex, 0.00000553
20160318, 170000, Bittrex, 0.00000689
20160318, 180000, Bittrex, 0.00000689
20160318, 190000, Bittrex, 0.00000689
20160318, 200000, Bittrex, 0.00000689
20160318, 210000, Bittrex, 0.00000689
20160318, 220000, Bittrex, 0.00000689
20160318, 230000, Bittrex, 0.00000689
20160319, 000000, Bittrex, 0.00000689
20160319, 010000, Bittrex, 0.00000689
20160319, 020000, Bittrex, 0.00000689
20160319, 030000, Bittrex, 0.00000687
20160319, 040000, Bittrex, 0.00000687
20160319, 050000, Bittrex, 0.00000574
20160319, 060000, Bittrex, 0.00000687
20160319, 070000, Bittrex, 0.00000568
20160319, 080000, Bittrex, 0.00000568
20160319, 090000, Bittrex, 0.00000568
20160319, 100000, Bittrex, 0.00000680
20160319, 110000, Bittrex, 0.00000570
20160319, 120000, Bittrex, 0.00000570
20160319, 130000, Bittrex, 0.00000690
20160319, 140000, Bittrex, 0.00000695
20160319, 150000, Bittrex, 0.00000695
20160319, 160000, Bittrex, 0.00000695
20160319, 170000, Bittrex, 0.00000695
20160319, 180000, Bittrex, 0.00000695
20160319, 190000, Bittrex, 0.00000695
20160319, 200000, Bittrex, 0.00000695
20160319, 210000, Bittrex, 0.00000567
20160319, 220000, Bittrex, 0.00000567
20160319, 230000, Bittrex, 0.00000567
20160320, 000000, Bittrex, 0.00000567
20160320, 010000, Bittrex, 0.00000567
20160320, 020000, Bittrex, 0.00000567
20160320, 030000, Bittrex, 0.00000567
20160320, 040000, Bittrex, 0.00000567
20160320, 050000, Bittrex, 0.00000567
20160320, 060000, Bittrex, 0.00000576
20160320, 070000, Bittrex, 0.00000745
20160320, 080000, Bittrex, 0.00000745
20160320, 090000, Bittrex, 0.00000745
20160320, 100000, Bittrex, 0.00000745
20160320, 110000, Bittrex, 0.00000745
20160320, 120000, Bittrex, 0.00000745
20160320, 130000, Bittrex, 0.00000700
20160320, 140000, Bittrex, 0.00000700
20160320, 150000, Bittrex, 0.00000700
20160320, 160000, Bittrex, 0.00000693
20160320, 170000, Bittrex, 0.00000700
20160320, 180000, Bittrex, 0.00000700
20160320, 190000, Bittrex, 0.00000700
20160320, 200000, Bittrex, 0.00000700
20160320, 210000, Bittrex, 0.00000700
20160320, 220000, Bittrex, 0.00000750
20160320, 230000, Bittrex, 0.00000750
20160321, 000000, Bittrex, 0.00000726
20160321, 010000, Bittrex, 0.00000700
20160321, 020000, Bittrex, 0.00000700
20160321, 030000, Bittrex, 0.00000750
20160321, 040000, Bittrex, 0.00000848
20160321, 050000, Bittrex, 0.00000701
20160321, 060000, Bittrex, 0.00000701
20160321, 070000, Bittrex, 0.00000809
20160321, 080000, Bittrex, 0.00000809
20160321, 090000, Bittrex, 0.00000567
20160321, 100000, Bittrex, 0.00000567
20160321, 110000, Bittrex, 0.00000567
20160321, 120000, Bittrex, 0.00000633
20160321, 130000, Bittrex, 0.00000633
20160321, 140000, Bittrex, 0.00000633
20160321, 150000, Bittrex, 0.00000615
20160321, 160000, Bittrex, 0.00000615
20160321, 170000, Bittrex, 0.00000615
20160321, 180000, Bittrex, 0.00000615
20160321, 190000, Bittrex, 0.00000603
20160321, 200000, Bittrex, 0.00000621
20160321, 210000, Bittrex, 0.00000621
20160321, 220000, Bittrex, 0.00000621
20160321, 230000, Bittrex, 0.00000621
20160322, 000000, Bittrex, 0.00000581
20160322, 010000, Bittrex, 0.00000581
20160322, 020000, Bittrex, 0.00000601
20160322, 030000, Bittrex, 0.00000601
20160322, 040000, Bittrex, 0.00000601
20160322, 050000, Bittrex, 0.00000601
20160322, 060000, Bittrex, 0.00000599
20160322, 070000, Bittrex, 0.00000599
20160322, 080000, Bittrex, 0.00000599
20160322, 090000, Bittrex, 0.00000599
20160322, 100000, Bittrex, 0.00000599
20160322, 110000, Bittrex, 0.00000599
20160322, 120000, Bittrex, 0.00000599
20160322, 130000, Bittrex, 0.00000599
20160322, 140000, Bittrex, 0.00000599
20160322, 150000, Bittrex, 0.00000599
20160322, 160000, Bittrex, 0.00000599
20160322, 170000, Bittrex, 0.00000609
20160322, 180000, Bittrex, 0.00000609
20160322, 190000, Bittrex, 0.00000609
20160322, 200000, Bittrex, 0.00000560
20160322, 210000, Bittrex, 0.00000560
20160322, 220000, Bittrex, 0.00000560
20160322, 230000, Bittrex, 0.00000560
20160323, 000000, Bittrex, 0.00000560
20160323, 010000, Bittrex, 0.00000563
20160323, 020000, Bittrex, 0.00000560
20160323, 030000, Bittrex, 0.00000550
20160323, 040000, Bittrex, 0.00000550
20160323, 050000, Bittrex, 0.00000550
20160323, 060000, Bittrex, 0.00000550
20160323, 070000, Bittrex, 0.00000550
20160323, 080000, Bittrex, 0.00000550
20160323, 090000, Bittrex, 0.00000550
20160323, 100000, Bittrex, 0.00000550
20160323, 110000, Bittrex, 0.00000550
20160323, 120000, Bittrex, 0.00000550
20160323, 130000, Bittrex, 0.00000550
20160323, 140000, Bittrex, 0.00000678
20160323, 150000, Bittrex, 0.00000678
20160323, 160000, Bittrex, 0.00000678
20160323, 170000, Bittrex, 0.00000678
20160323, 180000, Bittrex, 0.00000677
20160323, 190000, Bittrex, 0.00000677
20160323, 200000, Bittrex, 0.00000677
20160323, 210000, Bittrex, 0.00000677
20160323, 220000, Bittrex, 0.00000677
20160323, 230000, Bittrex, 0.00000677
20160324, 000000, Bittrex, 0.00000677
20160324, 010000, Bittrex, 0.00000677
20160324, 020000, Bittrex, 0.00000677
20160324, 030000, Bittrex, 0.00000677
20160324, 040000, Bittrex, 0.00000677
20160324, 050000, Bittrex, 0.00000677
20160324, 060000, Bittrex, 0.00000677
20160324, 070000, Bittrex, 0.00000677
20160324, 080000, Bittrex, 0.00000677
20160324, 090000, Bittrex, 0.00000677
20160324, 100000, Bittrex, 0.00000677
20160324, 110000, Bittrex, 0.00000677
20160324, 120000, Bittrex, 0.00000677
20160324, 130000, Bittrex, 0.00000677
20160324, 140000, Bittrex, 0.00000680
20160324, 150000, Bittrex, 0.00000680
20160324, 160000, Bittrex, 0.00000680
20160324, 170000, Bittrex, 0.00000680
20160324, 180000, Bittrex, 0.00000680
20160324, 190000, Bittrex, 0.00000680
20160324, 200000, Bittrex, 0.00000680
20160324, 210000, Bittrex, 0.00000583
20160324, 220000, Bittrex, 0.00000583
20160324, 230000, Bittrex, 0.00000583
20160325, 000000, Bittrex, 0.00000583
20160325, 010000, Bittrex, 0.00000725
20160325, 020000, Bittrex, 0.00000725
20160325, 030000, Bittrex, 0.00000725
20160325, 040000, Bittrex, 0.00000725
20160325, 050000, Bittrex, 0.00000725
20160325, 060000, Bittrex, 0.00000725
20160325, 070000, Bittrex, 0.00000725
20160325, 080000, Bittrex, 0.00000725
20160325, 090000, Bittrex, 0.00000725
20160325, 100000, Bittrex, 0.00000725
20160325, 110000, Bittrex, 0.00000744
20160325, 120000, Bittrex, 0.00000747
20160325, 130000, Bittrex, 0.00000747
20160325, 140000, Bittrex, 0.00000747
20160325, 150000, Bittrex, 0.00000747
20160325, 160000, Bittrex, 0.00000700
20160325, 170000, Bittrex, 0.00000700
20160325, 180000, Bittrex, 0.00000700
20160325, 190000, Bittrex, 0.00000700
20160325, 200000, Bittrex, 0.00000700
20160325, 210000, Bittrex, 0.00000700
20160325, 220000, Bittrex, 0.00000700
20160325, 230000, Bittrex, 0.00000700
20160326, 000000, Bittrex, 0.00000700
20160326, 010000, Bittrex, 0.00000701
20160326, 020000, Bittrex, 0.00000701
20160326, 030000, Bittrex, 0.00000701
20160326, 040000, Bittrex, 0.00000701
20160326, 050000, Bittrex, 0.00000702
20160326, 060000, Bittrex, 0.00000702
20160326, 070000, Bittrex, 0.00000702
20160326, 080000, Bittrex, 0.00000702
20160326, 090000, Bittrex, 0.00000702
20160326, 100000, Bittrex, 0.00000750
20160326, 110000, Bittrex, 0.00000750
20160326, 120000, Bittrex, 0.00000750
20160326, 130000, Bittrex, 0.00000750
20160326, 140000, Bittrex, 0.00000750
20160326, 150000, Bittrex, 0.00000750
20160326, 160000, Bittrex, 0.00000750
20160326, 170000, Bittrex, 0.00000750
20160326, 180000, Bittrex, 0.00000750
20160326, 190000, Bittrex, 0.00000750
20160326, 200000, Bittrex, 0.00000750
20160326, 210000, Bittrex, 0.00000750
20160326, 220000, Bittrex, 0.00000700
20160326, 230000, Bittrex, 0.00000700
20160327, 000000, Bittrex, 0.00000700
20160327, 010000, Bittrex, 0.00000800
20160327, 020000, Bittrex, 0.00000800
20160327, 030000, Bittrex, 0.00000800
20160327, 040000, Bittrex, 0.00000800
20160327, 050000, Bittrex, 0.00000800
20160327, 060000, Bittrex, 0.00000800
20160327, 070000, Bittrex, 0.00000800
20160327, 080000, Bittrex, 0.00000800
20160327, 090000, Bittrex, 0.00000800
20160327, 100000, Bittrex, 0.00000800
20160327, 110000, Bittrex, 0.00000799
20160327, 120000, Bittrex, 0.00000799
20160327, 130000, Bittrex, 0.00000799
20160327, 140000, Bittrex, 0.00000799
20160327, 150000, Bittrex, 0.00000634
20160327, 160000, Bittrex, 0.00000634
20160327, 170000, Bittrex, 0.00000634
20160327, 180000, Bittrex, 0.00000634
20160327, 190000, Bittrex, 0.00000634
20160327, 200000, Bittrex, 0.00000634
20160327, 210000, Bittrex, 0.00000634
20160327, 220000, Bittrex, 0.00000634
20160327, 230000, Bittrex, 0.00000634
20160328, 000000, Bittrex, 0.00000634
20160328, 010000, Bittrex, 0.00000634
20160328, 020000, Bittrex, 0.00000634
20160328, 030000, Bittrex, 0.00000634
20160328, 040000, Bittrex, 0.00000634
20160328, 050000, Bittrex, 0.00000634
20160328, 060000, Bittrex, 0.00000634
20160328, 070000, Bittrex, 0.00000634
20160328, 080000, Bittrex, 0.00000634
20160328, 090000, Bittrex, 0.00000634
20160328, 100000, Bittrex, 0.00000634
20160328, 110000, Bittrex, 0.00000634
20160328, 120000, Bittrex, 0.00000634
20160328, 130000, Bittrex, 0.00000634
20160328, 140000, Bittrex, 0.00000634
20160328, 150000, Bittrex, 0.00000634
20160328, 160000, Bittrex, 0.00000634
20160328, 170000, Bittrex, 0.00000634
20160328, 180000, Bittrex, 0.00000634
20160328, 190000, Bittrex, 0.00000634
20160328, 200000, Bittrex, 0.00000634
20160328, 210000, Bittrex, 0.00000634
20160328, 220000, Bittrex, 0.00000634
20160328, 230000, Bittrex, 0.00000634
20160329, 000000, Bittrex, 0.00000634
20160329, 010000, Bittrex, 0.00000634
20160329, 020000, Bittrex, 0.00000634
20160329, 030000, Bittrex, 0.00000634
20160329, 040000, Bittrex, 0.00000634
20160329, 050000, Bittrex, 0.00000634
20160329, 060000, Bittrex, 0.00000634
20160329, 070000, Bittrex, 0.00000634
20160329, 080000, Bittrex, 0.00000634
20160329, 090000, Bittrex, 0.00000634
20160329, 100000, Bittrex, 0.00000634
20160329, 110000, Bittrex, 0.00000634
20160329, 120000, Bittrex, 0.00000634
20160329, 130000, Bittrex, 0.00000634
20160329, 140000, Bittrex, 0.00000634
20160329, 150000, Bittrex, 0.00000634
20160329, 160000, Bittrex, 0.00000634
20160329, 170000, Bittrex, 0.00000634
20160329, 180000, Bittrex, 0.00000634
20160329, 190000, Bittrex, 0.00000634
20160329, 200000, Bittrex, 0.00000634
20160329, 210000, Bittrex, 0.00000634
20160329, 220000, Bittrex, 0.00000634
20160329, 230000, Bittrex, 0.00000634
20160330, 000000, Bittrex, 0.00000634
20160330, 010000, Bittrex, 0.00000634
20160330, 020000, Bittrex, 0.00000634
20160330, 030000, Bittrex, 0.00000634
20160330, 040000, Bittrex, 0.00000634
20160330, 050000, Bittrex, 0.00000634
20160330, 060000, Bittrex, 0.00000634
20160330, 070000, Bittrex, 0.00000634
20160330, 080000, Bittrex, 0.00000575
20160330, 090000, Bittrex, 0.00000575
20160330, 100000, Bittrex, 0.00000575
20160330, 110000, Bittrex, 0.00000575
20160330, 120000, Bittrex, 0.00000575
20160330, 130000, Bittrex, 0.00000575
20160330, 140000, Bittrex, 0.00000575
20160330, 150000, Bittrex, 0.00000575
20160330, 160000, Bittrex, 0.00000575
20160330, 170000, Bittrex, 0.00000575
20160330, 180000, Bittrex, 0.00000575
20160330, 190000, Bittrex, 0.00000575
20160330, 200000, Bittrex, 0.00000575
20160330, 210000, Bittrex, 0.00000575
20160330, 220000, Bittrex, 0.00000575
20160330, 230000, Bittrex, 0.00000575
20160331, 000000, Bittrex, 0.00000575
20160331, 010000, Bittrex, 0.00000575
20160331, 020000, Bittrex, 0.00000575
20160331, 030000, Bittrex, 0.00000575
20160331, 040000, Bittrex, 0.00000575
20160331, 050000, Bittrex, 0.00000575
20160331, 060000, Bittrex, 0.00000575
20160331, 070000, Bittrex, 0.00000575
20160331, 080000, Bittrex, 0.00000575
20160331, 090000, Bittrex, 0.00000660
20160331, 100000, Bittrex, 0.00000659
20160331, 110000, Bittrex, 0.00000659
20160331, 120000, Bittrex, 0.00000659
20160331, 130000, Bittrex, 0.00000659
20160331, 140000, Bittrex, 0.00000659
20160331, 150000, Bittrex, 0.00000659
20160331, 160000, Bittrex, 0.00000659
20160331, 170000, Bittrex, 0.00000659
20160331, 180000, Bittrex, 0.00000659
20160331, 190000, Bittrex, 0.00000659
20160331, 200000, Bittrex, 0.00000655
20160331, 210000, Bittrex, 0.00000655
20160331, 220000, Bittrex, 0.00000655
20160331, 230000, Bittrex, 0.00000655
20160401, 000000, Bittrex, 0.00000655
20160401, 010000, Bittrex, 0.00000655
20160401, 020000, Bittrex, 0.00000655
20160401, 030000, Bittrex, 0.00000655
20160401, 040000, Bittrex, 0.00000655
20160401, 050000, Bittrex, 0.00000655
20160401, 060000, Bittrex, 0.00000655
20160401, 070000, Bittrex, 0.00000610
20160401, 080000, Bittrex, 0.00000600
20160401, 090000, Bittrex, 0.00000600
20160401, 100000, Bittrex, 0.00000600
20160401, 110000, Bittrex, 0.00000600
20160401, 120000, Bittrex, 0.00000600
20160401, 130000, Bittrex, 0.00000600
20160401, 140000, Bittrex, 0.00000600
20160401, 150000, Bittrex, 0.00000600
20160401, 160000, Bittrex, 0.00000600
20160401, 170000, Bittrex, 0.00000600
20160401, 180000, Bittrex, 0.00000600
20160401, 190000, Bittrex, 0.00000600
20160401, 200000, Bittrex, 0.00000600
20160401, 210000, Bittrex, 0.00000600
20160401, 220000, Bittrex, 0.00000600
20160401, 230000, Bittrex, 0.00000600
20160402, 000000, Bittrex, 0.00000600
20160402, 010000, Bittrex, 0.00000600
20160402, 020000, Bittrex, 0.00000600
20160402, 030000, Bittrex, 0.00000600
20160402, 040000, Bittrex, 0.00000600
20160402, 050000, Bittrex, 0.00000600
20160402, 060000, Bittrex, 0.00000600
20160402, 070000, Bittrex, 0.00000600
20160402, 080000, Bittrex, 0.00000600
20160402, 090000, Bittrex, 0.00000600
20160402, 100000, Bittrex, 0.00000609
20160402, 110000, Bittrex, 0.00000609
20160402, 120000, Bittrex, 0.00000609
20160402, 130000, Bittrex, 0.00000600
20160402, 140000, Bittrex, 0.00000609
20160402, 150000, Bittrex, 0.00000597
20160402, 160000, Bittrex, 0.00000585
20160402, 170000, Bittrex, 0.00000585
20160402, 180000, Bittrex, 0.00000585
20160402, 190000, Bittrex, 0.00000575
20160402, 200000, Bittrex, 0.00000575
20160402, 210000, Bittrex, 0.00000575
20160402, 220000, Bittrex, 0.00000575
20160402, 230000, Bittrex, 0.00000575
20160403, 000000, Bittrex, 0.00000575
20160403, 010000, Bittrex, 0.00000575
20160403, 020000, Bittrex, 0.00000575
20160403, 030000, Bittrex, 0.00000575
20160403, 040000, Bittrex, 0.00000575
20160403, 050000, Bittrex, 0.00000595
20160403, 060000, Bittrex, 0.00000595
20160403, 070000, Bittrex, 0.00000595
20160403, 080000, Bittrex, 0.00000595
20160403, 090000, Bittrex, 0.00000595
20160403, 100000, Bittrex, 0.00000595
20160403, 110000, Bittrex, 0.00000595
20160403, 120000, Bittrex, 0.00000595
20160403, 130000, Bittrex, 0.00000595
20160403, 140000, Bittrex, 0.00000595
20160403, 150000, Bittrex, 0.00000595
20160403, 160000, Bittrex, 0.00000595
20160403, 170000, Bittrex, 0.00000595
20160403, 180000, Bittrex, 0.00000588
20160403, 190000, Bittrex, 0.00000588
20160403, 200000, Bittrex, 0.00000588
20160403, 210000, Bittrex, 
20160403, 220000, Bittrex, 0.00000588
20160403, 230000, Bittrex, 0.00000588
20160404, 000000, Bittrex, 0.00000588
20160404, 010000, Bittrex, 0.00000588
20160404, 020000, Bittrex, 0.00000588
20160404, 030000, Bittrex, 0.00000588
20160404, 040000, Bittrex, 0.00000588
20160404, 050000, Bittrex, 0.00000588
20160404, 060000, Bittrex, 0.00000592
20160404, 070000, Bittrex, 0.00000592
20160404, 080000, Bittrex, 0.00000592
20160404, 090000, Bittrex, 0.00000592
20160404, 100000, Bittrex, 0.00000592
20160404, 110000, Bittrex, 0.00000592
20160404, 120000, Bittrex, 0.00000507
20160404, 130000, Bittrex, 0.00000507
20160404, 140000, Bittrex, 0.00000507
20160404, 150000, Bittrex, 0.00000507
20160404, 160000, Bittrex, 0.00000507
20160404, 170000, Bittrex, 0.00000507
20160404, 180000, Bittrex, 0.00000607
20160404, 190000, Bittrex, 0.00000607
20160404, 200000, Bittrex, 0.00000607
20160404, 210000, Bittrex, 0.00000607
20160404, 220000, Bittrex, 0.00000607
20160404, 230000, Bittrex, 0.00000607
20160405, 000000, Bittrex, 0.00000607
20160405, 010000, Bittrex, 0.00000607
20160405, 020000, Bittrex, 0.00000607
20160405, 030000, Bittrex, 0.00000607
20160405, 040000, Bittrex, 0.00000607
20160405, 050000, Bittrex, 0.00000613
20160405, 060000, Bittrex, 0.00000613
20160405, 070000, Bittrex, 0.00000613
20160405, 080000, Bittrex, 0.00000602
20160405, 090000, Bittrex, 0.00000501
20160405, 100000, Bittrex, 0.00000612
20160405, 110000, Bittrex, 0.00000612
20160405, 120000, Bittrex, 0.00000612
20160405, 130000, Bittrex, 0.00000612
20160405, 140000, Bittrex, 0.00000612
20160405, 150000, Bittrex, 0.00000612
20160405, 160000, Bittrex, 0.00000612
20160405, 170000, Bittrex, 0.00000612
20160405, 180000, Bittrex, 0.00000612
20160405, 190000, Bittrex, 0.00000612
20160405, 200000, Bittrex, 0.00000612
20160405, 210000, Bittrex, 0.00000612
20160405, 220000, Bittrex, 0.00000612
20160405, 230000, Bittrex, 0.00000612
20160406, 000000, Bittrex, 0.00000612
20160406, 010000, Bittrex, 0.00000612
20160406, 020000, Bittrex, 0.00000612
20160406, 030000, Bittrex, 0.00000612
20160406, 040000, Bittrex, 0.00000600
20160406, 050000, Bittrex, 0.00000599
20160406, 060000, Bittrex, 0.00000599
20160406, 070000, Bittrex, 0.00000606
20160406, 080000, Bittrex, 0.00000608
20160406, 090000, Bittrex, 0.00000607
20160406, 100000, Bittrex, 0.00000607
20160406, 110000, Bittrex, 0.00000606
20160406, 120000, Bittrex, 0.00000608
20160406, 130000, Bittrex, 0.00000608
20160406, 140000, Bittrex, 0.00000608
20160406, 150000, Bittrex, 0.00000555
20160406, 160000, Bittrex, 0.00000555
20160406, 170000, Bittrex, 0.00000555
20160406, 180000, Bittrex, 0.00000555
20160406, 190000, Bittrex, 0.00000555
20160406, 200000, Bittrex, 0.00000555
20160406, 210000, Bittrex, 0.00000555
20160406, 220000, Bittrex, 0.00000555
20160406, 230000, Bittrex, 0.00000555
20160407, 000000, Bittrex, 0.00000555
20160407, 010000, Bittrex, 0.00000555
20160407, 020000, Bittrex, 0.00000555
20160407, 030000, Bittrex, 0.00000555
20160407, 040000, Bittrex, 0.00000555
20160407, 050000, Bittrex, 0.00000555
20160407, 060000, Bittrex, 0.00000555
20160407, 070000, Bittrex, 0.00000555
20160407, 080000, Bittrex, 0.00000555
20160407, 090000, Bittrex, 0.00000555
20160407, 100000, Bittrex, 0.00000555
20160407, 110000, Bittrex, 0.00000555
20160407, 120000, Bittrex, 0.00000555
20160407, 130000, Bittrex, 0.00000555
20160407, 140000, Bittrex, 0.00000555
20160407, 150000, Bittrex, 0.00000555
20160407, 160000, Bittrex, 0.00000599
20160407, 170000, Bittrex, 0.00000599
20160407, 180000, Bittrex, 0.00000599
20160407, 190000, Bittrex, 0.00000599
20160407, 200000, Bittrex, 0.00000599
20160407, 210000, Bittrex, 0.00000599
20160407, 220000, Bittrex, 0.00000599
20160407, 230000, Bittrex, 0.00000599
20160408, 000000, Bittrex, 0.00000599
20160408, 010000, Bittrex, 0.00000599
20160408, 020000, Bittrex, 0.00000599
20160408, 030000, Bittrex, 0.00000599
20160408, 040000, Bittrex, 0.00000599
20160408, 050000, Bittrex, 0.00000599
20160408, 060000, Bittrex, 0.00000599
20160408, 070000, Bittrex, 0.00000599
20160408, 080000, Bittrex, 0.00000599
20160408, 090000, Bittrex, 0.00000599
20160408, 100000, Bittrex, 0.00000534
20160408, 110000, Bittrex, 0.00000508
20160408, 120000, Bittrex, 0.00000508
20160408, 130000, Bittrex, 0.00000508
20160408, 140000, Bittrex, 0.00000508
20160408, 150000, Bittrex, 0.00000508
20160408, 160000, Bittrex, 0.00000508
20160408, 170000, Bittrex, 0.00000508
20160408, 180000, Bittrex, 0.00000508
20160408, 190000, Bittrex, 0.00000508
20160408, 200000, Bittrex, 0.00000508
20160408, 210000, Bittrex, 0.00000508
20160408, 220000, Bittrex, 0.00000508
20160408, 230000, Bittrex, 0.00000508
20160409, 000000, Bittrex, 0.00000508
20160409, 010000, Bittrex, 0.00000508
20160409, 020000, Bittrex, 0.00000508
20160409, 030000, Bittrex, 0.00000508
20160409, 040000, Bittrex, 0.00000508
20160409, 050000, Bittrex, 0.00000508
20160409, 060000, Bittrex, 0.00000508
20160409, 070000, Bittrex, 0.00000508
20160409, 080000, Bittrex, 0.00000513
20160409, 090000, Bittrex, 0.00000513
20160409, 100000, Bittrex, 0.00000513
20160409, 110000, Bittrex, 0.00000513
20160409, 120000, Bittrex, 0.00000513
20160409, 130000, Bittrex, 0.00000513
20160409, 140000, Bittrex, 0.00000516
20160409, 150000, Bittrex, 0.00000516
20160409, 160000, Bittrex, 0.00000516
20160409, 170000, Bittrex, 0.00000516
20160409, 180000, Bittrex, 0.00000516
20160409, 190000, Bittrex, 0.00000516
20160409, 200000, Bittrex, 0.00000516
20160409, 210000, Bittrex, 0.00000516
20160409, 220000, Bittrex, 0.00000516
20160409, 230000, Bittrex, 0.00000516
20160410, 000000, Bittrex, 0.00000516
20160410, 010000, Bittrex, 0.00000516
20160410, 020000, Bittrex, 0.00000516
20160410, 030000, Bittrex, 0.00000516
20160410, 040000, Bittrex, 0.00000516
20160410, 050000, Bittrex, 0.00000516
20160410, 060000, Bittrex, 0.00000501
20160410, 070000, Bittrex, 0.00000501
20160410, 080000, Bittrex, 0.00000500
20160410, 090000, Bittrex, 0.00000573
20160410, 100000, Bittrex, 0.00000573
20160410, 110000, Bittrex, 0.00000573
20160410, 120000, Bittrex, 0.00000500
20160410, 130000, Bittrex, 0.00000568
20160410, 140000, Bittrex, 0.00000568
20160410, 150000, Bittrex, 0.00000568
20160410, 160000, Bittrex, 0.00000568
20160410, 170000, Bittrex, 0.00000568
20160410, 180000, Bittrex, 0.00000568
20160410, 190000, Bittrex, 0.00000568
20160410, 200000, Bittrex, 0.00000568
20160410, 210000, Bittrex, 0.00000568
20160410, 220000, Bittrex, 0.00000568
20160410, 230000, Bittrex, 0.00000568
20160411, 000000, Bittrex, 0.00000568
20160411, 010000, Bittrex, 0.00000568
20160411, 020000, Bittrex, 0.00000568
20160411, 030000, Bittrex, 0.00000568
20160411, 040000, Bittrex, 0.00000568
20160411, 050000, Bittrex, 0.00000568
20160411, 060000, Bittrex, 0.00000568
20160411, 070000, Bittrex, 0.00000568
20160411, 080000, Bittrex, 0.00000568
20160411, 090000, Bittrex, 0.00000568
20160411, 100000, Bittrex, 0.00000568
20160411, 110000, Bittrex, 0.00000568
20160411, 120000, Bittrex, 0.00000568
20160411, 130000, Bittrex, 0.00000568
20160411, 140000, Bittrex, 0.00000568
20160411, 150000, Bittrex, 0.00000535
20160411, 160000, Bittrex, 0.00000535
20160411, 170000, Bittrex, 0.00000535
20160411, 180000, Bittrex, 0.00000535
20160411, 190000, Bittrex, 0.00000535
20160411, 200000, Bittrex, 0.00000535
20160411, 210000, Bittrex, 0.00000535
20160411, 220000, Bittrex, 0.00000535
20160411, 230000, Bittrex, 0.00000535
20160412, 000000, Bittrex, 0.00000535
20160412, 010000, Bittrex, 0.00000535
20160412, 020000, Bittrex, 0.00000535
20160412, 030000, Bittrex, 0.00000535
20160412, 040000, Bittrex, 0.00000535
20160412, 050000, Bittrex, 0.00000535
20160412, 060000, Bittrex, 0.00000535
20160412, 070000, Bittrex, 0.00000535
20160412, 080000, Bittrex, 0.00000535
20160412, 090000, Bittrex, 0.00000535
20160412, 100000, Bittrex, 0.00000535
20160412, 110000, Bittrex, 0.00000535
20160412, 120000, Bittrex, 0.00000535
20160412, 130000, Bittrex, 0.00000535
20160412, 140000, Bittrex, 0.00000535
20160412, 150000, Bittrex, 0.00000500
20160412, 160000, Bittrex, 0.00000500
20160412, 170000, Bittrex, 0.00000500
20160412, 180000, Bittrex, 0.00000406
20160412, 190000, Bittrex, 0.00000406
20160412, 200000, Bittrex, 0.00000406
20160412, 210000, Bittrex, 0.00000406
20160412, 220000, Bittrex, 0.00000406
20160412, 230000, Bittrex, 0.00000406
20160413, 000000, Bittrex, 0.00000406
20160413, 010000, Bittrex, 0.00000406
20160413, 020000, Bittrex, 0.00000406
20160413, 030000, Bittrex, 0.00000406
20160413, 040000, Bittrex, 0.00000406
20160413, 050000, Bittrex, 0.00000406
20160413, 060000, Bittrex, 0.00000406
20160413, 070000, Bittrex, 0.00000406
20160413, 080000, Bittrex, 0.00000406
20160413, 090000, Bittrex, 0.00000406
20160413, 100000, Bittrex, 0.00000406
20160413, 110000, Bittrex, 0.00000406
20160413, 120000, Bittrex, 0.00000406
20160413, 130000, Bittrex, 0.00000406
20160413, 140000, Bittrex, 0.00000406
20160413, 150000, Bittrex, 0.00000402
20160413, 160000, Bittrex, 0.00000402
20160413, 170000, Bittrex, 0.00000402
20160413, 180000, Bittrex, 0.00000400
20160413, 190000, Bittrex, 0.00000400
20160413, 200000, Bittrex, 0.00000400
20160413, 210000, Bittrex, 0.00000400
20160413, 220000, Bittrex, 0.00000400
20160413, 230000, Bittrex, 0.00000400
20160414, 000000, Bittrex, 0.00000400
20160414, 010000, Bittrex, 0.00000400
20160414, 020000, Bittrex, 0.00000400
20160414, 030000, Bittrex, 0.00000400
20160414, 040000, Bittrex, 0.00000400
20160414, 050000, Bittrex, 0.00000400
20160414, 060000, Bittrex, 0.00000400
20160414, 070000, Bittrex, 0.00000400
20160414, 080000, Bittrex, 0.00000400
20160414, 090000, Bittrex, 0.00000400
20160414, 100000, Bittrex, 0.00000400
20160414, 110000, Bittrex, 0.00000400
20160414, 120000, Bittrex, 0.00000364
20160414, 130000, Bittrex, 0.00000364
20160414, 140000, Bittrex, 0.00000364
20160414, 150000, Bittrex, 0.00000423
20160414, 160000, Bittrex, 0.00000423
20160414, 170000, Bittrex, 0.00000423
20160414, 180000, Bittrex, 0.00000423
20160414, 190000, Bittrex, 0.00000423
20160414, 200000, Bittrex, 0.00000423
20160414, 210000, Bittrex, 0.00000423
20160414, 220000, Bittrex, 0.00000423
20160414, 230000, Bittrex, 0.00000423
20160415, 000000, Bittrex, 0.00000423
20160415, 010000, Bittrex, 0.00000371
20160415, 020000, Bittrex, 0.00000371
20160415, 030000, Bittrex, 0.00000371
20160415, 040000, Bittrex, 0.00000371
20160415, 050000, Bittrex, 0.00000371
20160415, 060000, Bittrex, 0.00000371
20160415, 070000, Bittrex, 0.00000371
20160415, 080000, Bittrex, 0.00000371
20160415, 090000, Bittrex, 0.00000371
20160415, 100000, Bittrex, 0.00000371
20160415, 110000, Bittrex, 0.00000371
20160415, 120000, Bittrex, 0.00000371
20160415, 130000, Bittrex, 0.00000371
20160415, 140000, Bittrex, 0.00000371
20160415, 150000, Bittrex, 0.00000371
20160415, 160000, Bittrex, 0.00000371
20160415, 170000, Bittrex, 0.00000371
20160415, 180000, Bittrex, 0.00000371
20160415, 190000, Bittrex, 0.00000371
20160415, 200000, Bittrex, 0.00000371
20160415, 210000, Bittrex, 0.00000371
20160415, 220000, Bittrex, 0.00000371
20160415, 230000, Bittrex, 0.00000371
20160416, 000000, Bittrex, 0.00000371
20160416, 010000, Bittrex, 0.00000371
20160416, 020000, Bittrex, 0.00000371
20160416, 030000, Bittrex, 0.00000371
20160416, 040000, Bittrex, 0.00000371
20160416, 050000, Bittrex, 0.00000371
20160416, 060000, Bittrex, 0.00000371
20160416, 070000, Bittrex, 0.00000371
20160416, 080000, Bittrex, 0.00000371
20160416, 090000, Bittrex, 0.00000371
20160416, 100000, Bittrex, 0.00000371
20160416, 110000, Bittrex, 0.00000371
20160416, 120000, Bittrex, 0.00000371
20160416, 130000, Bittrex, 0.00000371
20160416, 140000, Bittrex, 0.00000371
20160416, 150000, Bittrex, 0.00000371
20160416, 160000, Bittrex, 0.00000371
20160416, 170000, Bittrex, 0.00000412
20160416, 180000, Bittrex, 0.00000412
20160416, 190000, Bittrex, 0.00000412
20160416, 200000, Bittrex, 0.00000412
20160416, 210000, Bittrex, 0.00000412
20160416, 220000, Bittrex, 0.00000412
20160416, 230000, Bittrex, 0.00000412
20160417, 000000, Bittrex, 0.00000412
20160417, 010000, Bittrex, 0.00000412
20160417, 020000, Bittrex, 0.00000412
20160417, 030000, Bittrex, 0.00000412
20160417, 040000, Bittrex, 0.00000412
20160417, 050000, Bittrex, 0.00000412
20160417, 060000, Bittrex, 0.00000364
20160417, 070000, Bittrex, 0.00000364
20160417, 080000, Bittrex, 0.00000364
20160417, 090000, Bittrex, 0.00000386
20160417, 100000, Bittrex, 0.00000386
20160417, 110000, Bittrex, 0.00000363
20160417, 120000, Bittrex, 0.00000363
20160417, 130000, Bittrex, 0.00000363
20160417, 140000, Bittrex, 0.00000363
20160417, 150000, Bittrex, 0.00000363
20160417, 160000, Bittrex, 0.00000363
20160417, 170000, Bittrex, 0.00000363
20160417, 180000, Bittrex, 0.00000363
20160417, 190000, Bittrex, 0.00000363
20160417, 200000, Bittrex, 0.00000363
20160417, 210000, Bittrex, 0.00000419
20160417, 220000, Bittrex, 0.00000415
20160417, 230000, Bittrex, 0.00000415
20160418, 000000, Bittrex, 0.00000415
20160418, 010000, Bittrex, 0.00000415
20160418, 020000, Bittrex, 0.00000415
20160418, 030000, Bittrex, 0.00000415
20160418, 040000, Bittrex, 0.00000415
20160418, 050000, Bittrex, 0.00000415
20160418, 060000, Bittrex, 0.00000415
20160418, 070000, Bittrex, 0.00000415
20160418, 080000, Bittrex, 0.00000415
20160418, 090000, Bittrex, 0.00000415
20160418, 100000, Bittrex, 0.00000415
20160418, 110000, Bittrex, 0.00000415
20160418, 120000, Bittrex, 0.00000415
20160418, 130000, Bittrex, 0.00000415
20160418, 140000, Bittrex, 0.00000415
20160418, 150000, Bittrex, 0.00000390
20160418, 160000, Bittrex, 0.00000385
20160418, 170000, Bittrex, 0.00000385
20160418, 180000, Bittrex, 0.00000385
20160418, 190000, Bittrex, 0.00000398
20160418, 200000, Bittrex, 0.00000398
20160418, 210000, Bittrex, 0.00000398
20160418, 220000, Bittrex, 0.00000398
20160418, 230000, Bittrex, 0.00000398
20160419, 000000, Bittrex, 0.00000403
20160419, 010000, Bittrex, 0.00000403
20160419, 020000, Bittrex, 0.00000420
20160419, 030000, Bittrex, 0.00000420
20160419, 040000, Bittrex, 0.00000420
20160419, 050000, Bittrex, 0.00000420
20160419, 060000, Bittrex, 0.00000420
20160419, 070000, Bittrex, 0.00000420
20160419, 080000, Bittrex, 0.00000420
20160419, 090000, Bittrex, 0.00000420
20160419, 100000, Bittrex, 0.00000420
20160419, 110000, Bittrex, 0.00000420
20160419, 120000, Bittrex, 0.00000420
20160419, 130000, Bittrex, 0.00000420
20160419, 140000, Bittrex, 0.00000420
20160419, 150000, Bittrex, 0.00000420
20160419, 160000, Bittrex, 0.00000420
20160419, 170000, Bittrex, 0.00000420
20160419, 180000, Bittrex, 0.00000419
20160419, 190000, Bittrex, 0.00000419
20160419, 200000, Bittrex, 0.00000419
20160419, 210000, Bittrex, 0.00000419
20160419, 220000, Bittrex, 0.00000419
20160419, 230000, Bittrex, 0.00000419
20160420, 000000, Bittrex, 0.00000419
20160420, 010000, Bittrex, 0.00000419
20160420, 020000, Bittrex, 0.00000370
20160420, 030000, Bittrex, 0.00000370
20160420, 040000, Bittrex, 0.00000370
20160420, 050000, Bittrex, 0.00000370
20160420, 060000, Bittrex, 0.00000370
20160420, 070000, Bittrex, 0.00000370
20160420, 080000, Bittrex, 0.00000398
20160420, 090000, Bittrex, 0.00000398
20160420, 100000, Bittrex, 0.00000370
20160420, 110000, Bittrex, 0.00000370
20160420, 120000, Bittrex, 0.00000370
20160420, 130000, Bittrex, 0.00000370
20160420, 140000, Bittrex, 0.00000370
20160420, 150000, Bittrex, 0.00000370
20160420, 160000, Bittrex, 0.00000370
20160420, 170000, Bittrex, 0.00000370
20160420, 180000, Bittrex, 0.00000370
20160420, 190000, Bittrex, 0.00000370
20160420, 200000, Bittrex, 0.00000370
20160420, 210000, Bittrex, 0.00000370
20160420, 220000, Bittrex, 0.00000370
20160420, 230000, Bittrex, 0.00000337
20160421, 000000, Bittrex, 0.00000337
20160421, 010000, Bittrex, 0.00000330
20160421, 020000, Bittrex, 0.00000330
20160421, 030000, Bittrex, 0.00000330
20160421, 040000, Bittrex, 0.00000330
20160421, 050000, Bittrex, 0.00000330
20160421, 060000, Bittrex, 0.00000343
20160421, 070000, Bittrex, 0.00000367
20160421, 080000, Bittrex, 0.00000367
20160421, 090000, Bittrex, 0.00000367
20160421, 100000, Bittrex, 0.00000367
20160421, 110000, Bittrex, 0.00000367
20160421, 120000, Bittrex, 0.00000367
20160421, 130000, Bittrex, 0.00000367
20160421, 140000, Bittrex, 0.00000367
20160421, 150000, Bittrex, 0.00000367
20160421, 160000, Bittrex, 0.00000367
20160421, 170000, Bittrex, 0.00000367
20160421, 180000, Bittrex, 0.00000332
20160421, 190000, Bittrex, 0.00000330
20160421, 200000, Bittrex, 0.00000330
20160421, 210000, Bittrex, 0.00000330
20160421, 220000, Bittrex, 0.00000330
20160421, 230000, Bittrex, 0.00000330
20160422, 000000, Bittrex, 0.00000330
20160422, 010000, Bittrex, 0.00000330
20160422, 020000, Bittrex, 0.00000330
20160422, 030000, Bittrex, 0.00000330
20160422, 040000, Bittrex, 0.00000330
20160422, 050000, Bittrex, 0.00000330
20160422, 060000, Bittrex, 0.00000330
20160422, 070000, Bittrex, 0.00000314
20160422, 080000, Bittrex, 0.00000332
20160422, 090000, Bittrex, 0.00000332
20160422, 100000, Bittrex, 0.00000332
20160422, 110000, Bittrex, 0.00000332
20160422, 120000, Bittrex, 0.00000332
20160422, 130000, Bittrex, 0.00000332
20160422, 140000, Bittrex, 0.00000332
20160422, 150000, Bittrex, 0.00000332
20160422, 160000, Bittrex, 0.00000332
20160422, 170000, Bittrex, 0.00000332
20160422, 180000, Bittrex, 0.00000332
20160422, 190000, Bittrex, 0.00000332
20160422, 200000, Bittrex, 0.00000332
20160422, 210000, Bittrex, 0.00000332
20160422, 220000, Bittrex, 0.00000332
20160422, 230000, Bittrex, 0.00000332
20160423, 000000, Bittrex, 0.00000363
20160423, 010000, Bittrex, 0.00000375
20160423, 020000, Bittrex, 0.00000375
20160423, 030000, Bittrex, 0.00000375
20160423, 040000, Bittrex, 0.00000375
20160423, 050000, Bittrex, 0.00000375
20160423, 060000, Bittrex, 0.00000375
20160423, 070000, Bittrex, 0.00000375
20160423, 080000, Bittrex, 0.00000375
20160423, 090000, Bittrex, 0.00000375
20160423, 100000, Bittrex, 0.00000375
20160423, 110000, Bittrex, 0.00000375
20160423, 120000, Bittrex, 0.00000375
20160423, 130000, Bittrex, 0.00000375
20160423, 140000, Bittrex, 0.00000375
20160423, 150000, Bittrex, 0.00000375
20160423, 160000, Bittrex, 0.00000375
20160423, 170000, Bittrex, 0.00000375
20160423, 180000, Bittrex, 0.00000375
20160423, 190000, Bittrex, 0.00000375
20160423, 200000, Bittrex, 0.00000375
20160423, 210000, Bittrex, 0.00000375
20160423, 220000, Bittrex, 0.00000375
20160423, 230000, Bittrex, 0.00000375
20160424, 000000, Bittrex, 0.00000375
20160424, 010000, Bittrex, 0.00000375
20160424, 020000, Bittrex, 0.00000375
20160424, 030000, Bittrex, 0.00000375
20160424, 040000, Bittrex, 0.00000375
20160424, 050000, Bittrex, 0.00000375
20160424, 060000, Bittrex, 0.00000375
20160424, 070000, Bittrex, 0.00000375
20160424, 080000, Bittrex, 0.00000375
20160424, 090000, Bittrex, 0.00000375
20160424, 100000, Bittrex, 0.00000375
20160424, 110000, Bittrex, 0.00000375
20160424, 120000, Bittrex, 0.00000375
20160424, 130000, Bittrex, 0.00000375
20160424, 140000, Bittrex, 0.00000375
20160424, 150000, Bittrex, 0.00000381
20160424, 160000, Bittrex, 0.00000381
20160424, 170000, Bittrex, 0.00000381
20160424, 180000, Bittrex, 0.00000381
20160424, 190000, Bittrex, 0.00000381
20160424, 200000, Bittrex, 0.00000381
20160424, 210000, Bittrex, 0.00000381
20160424, 220000, Bittrex, 0.00000330
20160424, 230000, Bittrex, 0.00000330
20160425, 000000, Bittrex, 0.00000330
20160425, 010000, Bittrex, 0.00000330
20160425, 020000, Bittrex, 0.00000330
20160425, 030000, Bittrex, 0.00000330
20160425, 040000, Bittrex, 0.00000330
20160425, 050000, Bittrex, 0.00000330
20160425, 060000, Bittrex, 0.00000330
20160425, 070000, Bittrex, 0.00000330
20160425, 080000, Bittrex, 0.00000330
20160425, 090000, Bittrex, 0.00000330
20160425, 100000, Bittrex, 0.00000330
20160425, 110000, Bittrex, 0.00000330
20160425, 120000, Bittrex, 0.00000330
20160425, 130000, Bittrex, 0.00000240
20160425, 140000, Bittrex, 0.00000255
20160425, 150000, Bittrex, 0.00000277
20160425, 160000, Bittrex, 0.00000277
20160425, 170000, Bittrex, 0.00000293
20160425, 180000, Bittrex, 0.00000293
20160425, 190000, Bittrex, 0.00000293
20160425, 200000, Bittrex, 0.00000293
20160425, 210000, Bittrex, 0.00000293
20160425, 220000, Bittrex, 0.00000293
20160425, 230000, Bittrex, 0.00000293
20160426, 000000, Bittrex, 0.00000293
20160426, 010000, Bittrex, 0.00000293
20160426, 020000, Bittrex, 0.00000270
20160426, 030000, Bittrex, 0.00000270
20160426, 040000, Bittrex, 0.00000270
20160426, 050000, Bittrex, 0.00000270
20160426, 060000, Bittrex, 0.00000304
20160426, 070000, Bittrex, 0.00000257
20160426, 080000, Bittrex, 0.00000257
20160426, 090000, Bittrex, 0.00000257
20160426, 100000, Bittrex, 0.00000257
20160426, 110000, Bittrex, 0.00000257
20160426, 120000, Bittrex, 0.00000257
20160426, 130000, Bittrex, 0.00000288
20160426, 140000, Bittrex, 0.00000288
20160426, 150000, Bittrex, 0.00000288
20160426, 160000, Bittrex, 0.00000288
20160426, 170000, Bittrex, 0.00000288
20160426, 180000, Bittrex, 0.00000275
20160426, 190000, Bittrex, 0.00000275
20160426, 200000, Bittrex, 0.00000275
20160426, 210000, Bittrex, 0.00000275
20160426, 220000, Bittrex, 0.00000275
20160426, 230000, Bittrex, 0.00000275
20160427, 000000, Bittrex, 0.00000275
20160427, 010000, Bittrex, 0.00000275
20160427, 020000, Bittrex, 0.00000275
20160427, 030000, Bittrex, 0.00000275
20160427, 040000, Bittrex, 0.00000275
20160427, 050000, Bittrex, 0.00000275
20160427, 060000, Bittrex, 0.00000275
20160427, 070000, Bittrex, 0.00000270
20160427, 080000, Bittrex, 0.00000264
20160427, 090000, Bittrex, 0.00000270
20160427, 100000, Bittrex, 0.00000270
20160427, 110000, Bittrex, 0.00000270
20160427, 120000, Bittrex, 0.00000270
20160427, 130000, Bittrex, 0.00000270
20160427, 140000, Bittrex, 0.00000321
20160427, 150000, Bittrex, 0.00000321
20160427, 160000, Bittrex, 0.00000321
20160427, 170000, Bittrex, 0.00000272
20160427, 180000, Bittrex, 0.00000272
20160427, 190000, Bittrex, 0.00000272
20160427, 200000, Bittrex, 0.00000272
20160427, 210000, Bittrex, 0.00000272
20160427, 220000, Bittrex, 0.00000272
20160427, 230000, Bittrex, 0.00000272
20160428, 000000, Bittrex, 0.00000272
20160428, 010000, Bittrex, 0.00000272
20160428, 020000, Bittrex, 0.00000272
20160428, 030000, Bittrex, 0.00000272
20160428, 040000, Bittrex, 0.00000272
20160428, 050000, Bittrex, 0.00000272
20160428, 060000, Bittrex, 0.00000272
20160428, 070000, Bittrex, 0.00000272
20160428, 080000, Bittrex, 0.00000272
20160428, 090000, Bittrex, 0.00000272
20160428, 100000, Bittrex, 0.00000272
20160428, 110000, Bittrex, 0.00000260
20160428, 120000, Bittrex, 0.00000260
20160428, 130000, Bittrex, 0.00000260
20160428, 140000, Bittrex, 0.00000278
20160428, 150000, Bittrex, 0.00000278
20160428, 160000, Bittrex, 0.00000278
20160428, 170000, Bittrex, 0.00000278
20160428, 180000, Bittrex, 0.00000278
20160428, 190000, Bittrex, 0.00000278
20160428, 200000, Bittrex, 0.00000278
20160428, 210000, Bittrex, 0.00000278
20160428, 220000, Bittrex, 0.00000278
20160428, 230000, Bittrex, 0.00000278
20160429, 000000, Bittrex, 0.00000278
20160429, 010000, Bittrex, 0.00000278
20160429, 020000, Bittrex, 0.00000278
20160429, 030000, Bittrex, 0.00000278
20160429, 040000, Bittrex, 0.00000278
20160429, 050000, Bittrex, 0.00000278
20160429, 060000, Bittrex, 0.00000278
20160429, 070000, Bittrex, 0.00000278
20160429, 080000, Bittrex, 0.00000278
20160429, 090000, Bittrex, 0.00000278
20160429, 100000, Bittrex, 0.00000278
20160429, 110000, Bittrex, 0.00000278
20160429, 120000, Bittrex, 0.00000278
20160429, 130000, Bittrex, 0.00000278
20160429, 140000, Bittrex, 0.00000278
20160429, 150000, Bittrex, 0.00000278
20160429, 160000, Bittrex, 0.00000278
20160429, 170000, Bittrex, 0.00000278
20160429, 180000, Bittrex, 0.00000278
20160429, 190000, Bittrex, 0.00000278
20160429, 200000, Bittrex, 0.00000278
20160429, 210000, Bittrex, 0.00000278
20160429, 220000, Bittrex, 0.00000278
20160429, 230000, Bittrex, 0.00000278
20160430, 000000, Bittrex, 0.00000278
20160430, 010000, Bittrex, 0.00000278
20160430, 020000, Bittrex, 0.00000278
20160430, 030000, Bittrex, 0.00000278
20160430, 040000, Bittrex, 0.00000278
20160430, 050000, Bittrex, 0.00000278
20160430, 060000, Bittrex, 0.00000278
20160430, 070000, Bittrex, 0.00000273
20160430, 080000, Bittrex, 0.00000273
20160430, 090000, Bittrex, 0.00000273
20160430, 100000, Bittrex, 0.00000273
20160430, 110000, Bittrex, 0.00000273
20160430, 120000, Bittrex, 0.00000273
20160430, 130000, Bittrex, 0.00000273
20160430, 140000, Bittrex, 0.00000273
20160430, 150000, Bittrex, 0.00000273
20160430, 160000, Bittrex, 0.00000273
20160430, 170000, Bittrex, 0.00000273
20160430, 180000, Bittrex, 0.00000273
20160430, 190000, Bittrex, 0.00000273
20160430, 200000, Bittrex, 0.00000273
20160430, 210000, Bittrex, 0.00000273
20160430, 220000, Bittrex, 0.00000273
20160430, 230000, Bittrex, 0.00000273
20160501, 000000, Bittrex, 0.00000273
20160501, 010000, Bittrex, 0.00000273
20160501, 020000, Bittrex, 0.00000273
20160501, 030000, Bittrex, 0.00000273
20160501, 040000, Bittrex, 0.00000273
20160501, 050000, Bittrex, 0.00000273
20160501, 060000, Bittrex, 0.00000273
20160501, 070000, Bittrex, 0.00000273
20160501, 080000, Bittrex, 0.00000273
20160501, 090000, Bittrex, 0.00000273
20160501, 100000, Bittrex, 0.00000273
20160501, 110000, Bittrex, 0.00000273
20160501, 120000, Bittrex, 0.00000273
20160501, 130000, Bittrex, 0.00000273
20160501, 140000, Bittrex, 0.00000273
20160501, 150000, Bittrex, 0.00000260
20160501, 160000, Bittrex, 0.00000260
20160501, 170000, Bittrex, 0.00000260
20160501, 180000, Bittrex, 0.00000260
20160501, 190000, Bittrex, 0.00000260
20160501, 200000, Bittrex, 0.00000260
20160501, 210000, Bittrex, 0.00000260
20160501, 220000, Bittrex, 0.00000260
20160501, 230000, Bittrex, 0.00000260
20160502, 000000, Bittrex, 0.00000260
20160502, 010000, Bittrex, 0.00000260
20160502, 020000, Bittrex, 0.00000260
20160502, 030000, Bittrex, 0.00000260
20160502, 040000, Bittrex, 0.00000260
20160502, 050000, Bittrex, 0.00000260
20160502, 060000, Bittrex, 0.00000260
20160502, 070000, Bittrex, 0.00000262
20160502, 080000, Bittrex, 0.00000262
20160502, 090000, Bittrex, 0.00000262
20160502, 100000, Bittrex, 0.00000262
20160502, 110000, Bittrex, 0.00000262
20160502, 120000, Bittrex, 0.00000262
20160502, 130000, Bittrex, 0.00000262
20160502, 140000, Bittrex, 0.00000262
20160502, 150000, Bittrex, 0.00000262
20160502, 160000, Bittrex, 0.00000262
20160502, 170000, Bittrex, 0.00000262
20160502, 180000, Bittrex, 0.00000262
20160502, 190000, Bittrex, 0.00000262
20160502, 200000, Bittrex, 0.00000262
20160502, 210000, Bittrex, 0.00000262
20160502, 220000, Bittrex, 0.00000280
20160502, 230000, Bittrex, 0.00000280
20160503, 000000, Bittrex, 0.00000280
20160503, 010000, Bittrex, 0.00000280
20160503, 020000, Bittrex, 0.00000280
20160503, 030000, Bittrex, 0.00000280
20160503, 040000, Bittrex, 0.00000280
20160503, 050000, Bittrex, 0.00000280
20160503, 060000, Bittrex, 0.00000280
20160503, 070000, Bittrex, 0.00000280
20160503, 080000, Bittrex, 0.00000280
20160503, 090000, Bittrex, 0.00000280
20160503, 100000, Bittrex, 0.00000280
20160503, 110000, Bittrex, 0.00000280
20160503, 120000, Bittrex, 0.00000280
20160503, 130000, Bittrex, 0.00000280
20160503, 140000, Bittrex, 0.00000280
20160503, 150000, Bittrex, 0.00000280
20160503, 160000, Bittrex, 0.00000280
20160503, 170000, Bittrex, 0.00000280
20160503, 180000, Bittrex, 0.00000277
20160503, 190000, Bittrex, 0.00000277
20160503, 200000, Bittrex, 0.00000276
20160503, 210000, Bittrex, 0.00000276
20160503, 220000, Bittrex, 0.00000276
20160503, 230000, Bittrex, 0.00000276
20160504, 000000, Bittrex, 0.00000276
20160504, 010000, Bittrex, 0.00000276
20160504, 020000, Bittrex, 0.00000276
20160504, 030000, Bittrex, 0.00000276
20160504, 040000, Bittrex, 0.00000276
20160504, 050000, Bittrex, 0.00000276
20160504, 060000, Bittrex, 0.00000276
20160504, 070000, Bittrex, 0.00000276
20160504, 080000, Bittrex, 0.00000276
20160504, 090000, Bittrex, 0.00000276
20160504, 100000, Bittrex, 0.00000276
20160504, 110000, Bittrex, 0.00000276
20160504, 120000, Bittrex, 0.00000276
20160504, 130000, Bittrex, 0.00000276
20160504, 140000, Bittrex, 0.00000276
20160504, 150000, Bittrex, 0.00000276
20160504, 160000, Bittrex, 0.00000276
20160504, 170000, Bittrex, 0.00000276
20160504, 180000, Bittrex, 0.00000276
20160504, 190000, Bittrex, 0.00000276
20160504, 200000, Bittrex, 0.00000276
20160504, 210000, Bittrex, 0.00000276
20160504, 220000, Bittrex, 0.00000276
20160504, 230000, Bittrex, 0.00000276
20160505, 000000, Bittrex, 0.00000276
20160505, 010000, Bittrex, 0.00000276
20160505, 020000, Bittrex, 0.00000276
20160505, 030000, Bittrex, 0.00000276
20160505, 040000, Bittrex, 0.00000276
20160505, 050000, Bittrex, 0.00000276
20160505, 060000, Bittrex, 0.00000276
20160505, 070000, Bittrex, 0.00000276
20160505, 080000, Bittrex, 0.00000276
20160505, 090000, Bittrex, 0.00000276
20160505, 100000, Bittrex, 0.00000276
20160505, 110000, Bittrex, 0.00000276
20160505, 120000, Bittrex, 0.00000276
20160505, 130000, Bittrex, 0.00000276
20160505, 140000, Bittrex, 0.00000276
20160505, 150000, Bittrex, 0.00000276
20160505, 160000, Bittrex, 0.00000276
20160505, 170000, Bittrex, 0.00000276
20160505, 180000, Bittrex, 0.00000276
20160505, 190000, Bittrex, 0.00000276
20160505, 200000, Bittrex, 0.00000276
20160505, 210000, Bittrex, 0.00000276
20160505, 220000, Bittrex, 0.00000276
20160505, 230000, Bittrex, 0.00000276
20160506, 000000, Bittrex, 0.00000276
20160506, 010000, Bittrex, 0.00000276
20160506, 020000, Bittrex, 0.00000276
20160506, 030000, Bittrex, 0.00000276
20160506, 040000, Bittrex, 0.00000276
20160506, 050000, Bittrex, 0.00000276
20160506, 060000, Bittrex, 0.00000276
20160506, 070000, Bittrex, 0.00000276
20160506, 080000, Bittrex, 0.00000276
20160506, 090000, Bittrex, 0.00000276
20160506, 100000, Bittrex, 0.00000276
20160506, 110000, Bittrex, 0.00000276
20160506, 120000, Bittrex, 0.00000276
20160506, 130000, Bittrex, 0.00000276
20160506, 140000, Bittrex, 0.00000276
20160506, 150000, Bittrex, 0.00000276
20160506, 160000, Bittrex, 0.00000276
20160506, 170000, Bittrex, 0.00000276
20160506, 180000, Bittrex, 0.00000276
20160506, 190000, Bittrex, 0.00000276
20160506, 200000, Bittrex, 0.00000276
20160506, 210000, Bittrex, 0.00000276
20160506, 220000, Bittrex, 0.00000276
20160506, 230000, Bittrex, 0.00000276
20160507, 000000, Bittrex, 0.00000276
20160507, 010000, Bittrex, 0.00000276
20160507, 020000, Bittrex, 0.00000276
20160507, 030000, Bittrex, 0.00000276
20160507, 040000, Bittrex, 0.00000276
20160507, 050000, Bittrex, 0.00000276
20160507, 060000, Bittrex, 0.00000276
20160507, 070000, Bittrex, 0.00000276
20160507, 080000, Bittrex, 0.00000260
20160507, 090000, Bittrex, 0.00000260
20160507, 100000, Bittrex, 0.00000260
20160507, 110000, Bittrex, 0.00000260
20160507, 120000, Bittrex, 0.00000260
20160507, 130000, Bittrex, 0.00000260
20160507, 140000, Bittrex, 0.00000260
20160507, 150000, Bittrex, 0.00000260
20160507, 160000, Bittrex, 0.00000260
20160507, 170000, Bittrex, 0.00000260
20160507, 180000, Bittrex, 0.00000260
20160507, 190000, Bittrex, 0.00000260
20160507, 200000, Bittrex, 0.00000260
20160507, 210000, Bittrex, 0.00000260
20160507, 220000, Bittrex, 0.00000260
20160507, 230000, Bittrex, 0.00000260
20160508, 000000, Bittrex, 0.00000260
20160508, 010000, Bittrex, 0.00000260
20160508, 020000, Bittrex, 0.00000260
20160508, 030000, Bittrex, 0.00000260
20160508, 040000, Bittrex, 0.00000260
20160508, 050000, Bittrex, 0.00000260
20160508, 060000, Bittrex, 0.00000260
20160508, 070000, Bittrex, 0.00000260
20160508, 080000, Bittrex, 0.00000260
20160508, 090000, Bittrex, 0.00000260
20160508, 100000, Bittrex, 0.00000260
20160508, 110000, Bittrex, 0.00000260
20160508, 120000, Bittrex, 0.00000260
20160508, 130000, Bittrex, 0.00000260
20160508, 140000, Bittrex, 0.00000260
20160508, 150000, Bittrex, 0.00000260
20160508, 160000, Bittrex, 0.00000260
20160508, 170000, Bittrex, 0.00000260
20160508, 180000, Bittrex, 0.00000260
20160508, 190000, Bittrex, 0.00000260
20160508, 200000, Bittrex, 0.00000260
20160508, 210000, Bittrex, 0.00000260
20160508, 220000, Bittrex, 0.00000260
20160508, 230000, Bittrex, 0.00000260
20160509, 000000, Bittrex, 0.00000260
20160509, 010000, Bittrex, 0.00000260
20160509, 020000, Bittrex, 0.00000260
20160509, 030000, Bittrex, 0.00000260
20160509, 040000, Bittrex, 0.00000260
20160509, 050000, Bittrex, 0.00000268
20160509, 060000, Bittrex, 0.00000268
20160509, 070000, Bittrex, 0.00000268
20160509, 080000, Bittrex, 0.00000268
20160509, 090000, Bittrex, 0.00000268
20160509, 100000, Bittrex, 0.00000268
20160509, 110000, Bittrex, 0.00000268
20160509, 120000, Bittrex, 0.00000268
20160509, 130000, Bittrex, 0.00000237
20160509, 140000, Bittrex, 0.00000237
20160509, 150000, Bittrex, 0.00000237
20160509, 160000, Bittrex, 0.00000237
20160509, 170000, Bittrex, 0.00000237
20160509, 180000, Bittrex, 0.00000237
20160509, 190000, Bittrex, 
20160509, 200000, Bittrex, 0.00000237
20160509, 210000, Bittrex, 0.00000237
20160509, 220000, Bittrex, 0.00000237
20160509, 230000, Bittrex, 0.00000237
20160510, 000000, Bittrex, 
20160510, 010000, Bittrex, 0.00000237
20160510, 020000, Bittrex, 0.00000237
20160510, 030000, Bittrex, 0.00000237
20160510, 040000, Bittrex, 0.00000237
20160510, 050000, Bittrex, 0.00000237
20160510, 060000, Bittrex, 0.00000233
20160510, 070000, Bittrex, 0.00000233
20160510, 080000, Bittrex, 0.00000233
20160510, 090000, Bittrex, 0.00000236
20160510, 100000, Bittrex, 0.00000236
20160510, 110000, Bittrex, 0.00000236
20160510, 120000, Bittrex, 0.00000236
20160510, 130000, Bittrex, 
20160510, 140000, Bittrex, 0.00000236
20160510, 150000, Bittrex, 0.00000236
20160510, 160000, Bittrex, 0.00000236
20160510, 170000, Bittrex, 0.00000236
20160510, 180000, Bittrex, 0.00000236
20160510, 190000, Bittrex, 0.00000236
20160510, 200000, Bittrex, 0.00000236
20160510, 210000, Bittrex, 0.00000236
20160510, 220000, Bittrex, 0.00000236
20160510, 230000, Bittrex, 0.00000237
20160511, 000000, Bittrex, 0.00000237
20160511, 010000, Bittrex, 0.00000237
20160511, 020000, Bittrex, 0.00000237
20160511, 030000, Bittrex, 0.00000237
20160511, 040000, Bittrex, 0.00000231
20160511, 050000, Bittrex, 0.00000231
20160511, 060000, Bittrex, 0.00000231
20160511, 070000, Bittrex, 0.00000231
20160511, 080000, Bittrex, 0.00000192
20160511, 090000, Bittrex, 0.00000192
20160511, 100000, Bittrex, 0.00000192
20160511, 110000, Bittrex, 0.00000227
20160511, 120000, Bittrex, 0.00000191
20160511, 130000, Bittrex, 0.00000191
20160511, 140000, Bittrex, 0.00000227
20160511, 150000, Bittrex, 0.00000227
20160511, 160000, Bittrex, 0.00000227
20160511, 170000, Bittrex, 0.00000227
20160511, 180000, Bittrex, 0.00000227
20160511, 190000, Bittrex, 0.00000227
20160511, 200000, Bittrex, 0.00000228
20160511, 210000, Bittrex, 0.00000228
20160511, 220000, Bittrex, 0.00000228
20160511, 230000, Bittrex, 0.00000228
20160512, 000000, Bittrex, 0.00000228
20160512, 010000, Bittrex, 0.00000228
20160512, 020000, Bittrex, 0.00000228
20160512, 030000, Bittrex, 0.00000228
20160512, 040000, Bittrex, 0.00000228
20160512, 050000, Bittrex, 0.00000228
20160512, 060000, Bittrex, 0.00000228
20160512, 070000, Bittrex, 0.00000228
20160512, 080000, Bittrex, 0.00000228
20160512, 090000, Bittrex, 0.00000228
20160512, 100000, Bittrex, 0.00000228
20160512, 110000, Bittrex, 0.00000228
20160512, 120000, Bittrex, 0.00000228
20160512, 130000, Bittrex, 0.00000228
20160512, 140000, Bittrex, 0.00000228
20160512, 150000, Bittrex, 0.00000224
20160512, 160000, Bittrex, 0.00000224
20160512, 170000, Bittrex, 0.00000224
20160512, 180000, Bittrex, 0.00000224
20160512, 190000, Bittrex, 0.00000224
20160512, 200000, Bittrex, 0.00000224
20160512, 210000, Bittrex, 0.00000225
20160512, 220000, Bittrex, 0.00000225
20160512, 230000, Bittrex, 0.00000225
20160513, 000000, Bittrex, 0.00000225
20160513, 010000, Bittrex, 0.00000225
20160513, 020000, Bittrex, 0.00000225
20160513, 030000, Bittrex, 0.00000225
20160513, 040000, Bittrex, 0.00000226
20160513, 050000, Bittrex, 0.00000226
20160513, 060000, Bittrex, 0.00000226
20160513, 070000, Bittrex, 0.00000225
20160513, 080000, Bittrex, 0.00000225
20160513, 090000, Bittrex, 0.00000225
20160513, 100000, Bittrex, 0.00000225
20160513, 110000, Bittrex, 0.00000223
20160513, 120000, Bittrex, 0.00000223
20160513, 130000, Bittrex, 0.00000221
20160513, 140000, Bittrex, 0.00000221
20160513, 150000, Bittrex, 0.00000221
20160513, 160000, Bittrex, 0.00000221
20160513, 170000, Bittrex, 0.00000221
20160513, 180000, Bittrex, 0.00000221
20160513, 190000, Bittrex, 0.00000221
20160513, 200000, Bittrex, 0.00000221
20160513, 210000, Bittrex, 0.00000221
20160513, 220000, Bittrex, 0.00000221
20160513, 230000, Bittrex, 0.00000221
20160514, 000000, Bittrex, 0.00000221
20160514, 010000, Bittrex, 0.00000221
20160514, 020000, Bittrex, 0.00000221
20160514, 030000, Bittrex, 0.00000221
20160514, 040000, Bittrex, 0.00000221
20160514, 050000, Bittrex, 0.00000221
20160514, 060000, Bittrex, 0.00000221
20160514, 070000, Bittrex, 0.00000221
20160514, 080000, Bittrex, 0.00000221
20160514, 090000, Bittrex, 0.00000221
20160514, 100000, Bittrex, 0.00000221
20160514, 110000, Bittrex, 0.00000221
20160514, 120000, Bittrex, 0.00000221
20160514, 130000, Bittrex, 0.00000221
20160514, 140000, Bittrex, 0.00000221
20160514, 150000, Bittrex, 0.00000221
20160514, 160000, Bittrex, 0.00000216
20160514, 170000, Bittrex, 0.00000216
20160514, 180000, Bittrex, 0.00000216
20160514, 190000, Bittrex, 0.00000216
20160514, 200000, Bittrex, 0.00000216
20160514, 210000, Bittrex, 0.00000216
20160514, 220000, Bittrex, 0.00000216
20160514, 230000, Bittrex, 0.00000216
20160515, 000000, Bittrex, 0.00000216
20160515, 010000, Bittrex, 0.00000216
20160515, 020000, Bittrex, 0.00000216
20160515, 030000, Bittrex, 0.00000216
20160515, 040000, Bittrex, 0.00000216
20160515, 050000, Bittrex, 0.00000216
20160515, 060000, Bittrex, 0.00000216
20160515, 070000, Bittrex, 0.00000216
20160515, 080000, Bittrex, 0.00000216
20160515, 090000, Bittrex, 0.00000216
20160515, 100000, Bittrex, 0.00000216
20160515, 110000, Bittrex, 0.00000216
20160515, 120000, Bittrex, 0.00000216
20160515, 130000, Bittrex, 0.00000216
20160515, 140000, Bittrex, 0.00000216
20160515, 150000, Bittrex, 0.00000216
20160515, 160000, Bittrex, 0.00000216
20160515, 170000, Bittrex, 0.00000216
20160515, 180000, Bittrex, 0.00000216
20160515, 190000, Bittrex, 0.00000221
20160515, 200000, Bittrex, 0.00000221
20160515, 210000, Bittrex, 0.00000221
20160515, 220000, Bittrex, 0.00000221
20160515, 230000, Bittrex, 0.00000221
20160516, 000000, Bittrex, 0.00000220
20160516, 010000, Bittrex, 0.00000220
20160516, 020000, Bittrex, 0.00000220
20160516, 030000, Bittrex, 0.00000221
20160516, 040000, Bittrex, 0.00000221
20160516, 050000, Bittrex, 0.00000221
20160516, 060000, Bittrex, 0.00000221
20160516, 070000, Bittrex, 0.00000221
20160516, 080000, Bittrex, 0.00000221
20160516, 090000, Bittrex, 0.00000206
20160516, 100000, Bittrex, 0.00000217
20160516, 110000, Bittrex, 0.00000217
20160516, 120000, Bittrex, 0.00000217
20160516, 130000, Bittrex, 0.00000221
20160516, 140000, Bittrex, 0.00000221
20160516, 150000, Bittrex, 0.00000221
20160516, 160000, Bittrex, 0.00000221
20160516, 170000, Bittrex, 0.00000221
20160516, 180000, Bittrex, 0.00000221
20160516, 190000, Bittrex, 0.00000221
20160516, 200000, Bittrex, 0.00000221
20160516, 210000, Bittrex, 0.00000221
20160516, 220000, Bittrex, 0.00000221
20160516, 230000, Bittrex, 0.00000221
20160517, 000000, Bittrex, 0.00000221
20160517, 010000, Bittrex, 0.00000221
20160517, 020000, Bittrex, 0.00000221
20160517, 030000, Bittrex, 0.00000221
20160517, 040000, Bittrex, 0.00000221
20160517, 050000, Bittrex, 0.00000221
20160517, 060000, Bittrex, 0.00000221
20160517, 070000, Bittrex, 0.00000221
20160517, 080000, Bittrex, 0.00000221
20160517, 090000, Bittrex, 0.00000221
20160517, 100000, Bittrex, 0.00000221
20160517, 110000, Bittrex, 0.00000221
20160517, 120000, Bittrex, 0.00000206
20160517, 130000, Bittrex, 0.00000206
20160517, 140000, Bittrex, 0.00000206
20160517, 150000, Bittrex, 0.00000205
20160517, 160000, Bittrex, 0.00000227
20160517, 170000, Bittrex, 0.00000205
20160517, 180000, Bittrex, 0.00000205
20160517, 190000, Bittrex, 0.00000250
20160517, 200000, Bittrex, 0.00000259
20160517, 210000, Bittrex, 0.00000277
20160517, 220000, Bittrex, 0.00000286
20160517, 230000, Bittrex, 0.00000279
20160518, 000000, Bittrex, 0.00000279
20160518, 010000, Bittrex, 0.00000279
20160518, 020000, Bittrex, 0.00000279
20160518, 030000, Bittrex, 0.00000279
20160518, 040000, Bittrex, 0.00000299
20160518, 050000, Bittrex, 0.00000299
20160518, 060000, Bittrex, 0.00000299
20160518, 070000, Bittrex, 0.00000299
20160518, 080000, Bittrex, 0.00000299
20160518, 090000, Bittrex, 0.00000299
20160518, 100000, Bittrex, 0.00000299
20160518, 110000, Bittrex, 0.00000299
20160518, 120000, Bittrex, 0.00000266
20160518, 130000, Bittrex, 0.00000299
20160518, 140000, Bittrex, 0.00000299
20160518, 150000, Bittrex, 0.00000299
20160518, 160000, Bittrex, 0.00000266
20160518, 170000, Bittrex, 0.00000266
20160518, 180000, Bittrex, 0.00000266
20160518, 190000, Bittrex, 0.00000266
20160518, 200000, Bittrex, 0.00000266
20160518, 210000, Bittrex, 0.00000266
20160518, 220000, Bittrex, 0.00000266
20160518, 230000, Bittrex, 0.00000266
20160519, 000000, Bittrex, 0.00000266
20160519, 010000, Bittrex, 0.00000266
20160519, 020000, Bittrex, 0.00000233
20160519, 030000, Bittrex, 0.00000233
20160519, 040000, Bittrex, 0.00000233
20160519, 050000, Bittrex, 0.00000233
20160519, 060000, Bittrex, 0.00000233
20160519, 070000, Bittrex, 0.00000233
20160519, 080000, Bittrex, 0.00000233
20160519, 090000, Bittrex, 0.00000233
20160519, 100000, Bittrex, 0.00000262
20160519, 110000, Bittrex, 0.00000262
20160519, 120000, Bittrex, 0.00000273
20160519, 130000, Bittrex, 0.00000262
20160519, 140000, Bittrex, 0.00000225
20160519, 150000, Bittrex, 0.00000225
20160519, 160000, Bittrex, 0.00000225
20160519, 170000, Bittrex, 0.00000225
20160519, 180000, Bittrex, 0.00000225
20160519, 190000, Bittrex, 0.00000247
20160519, 200000, Bittrex, 0.00000247
20160519, 210000, Bittrex, 0.00000247
20160519, 220000, Bittrex, 0.00000247
20160519, 230000, Bittrex, 0.00000247
20160520, 000000, Bittrex, 0.00000247
20160520, 010000, Bittrex, 0.00000247
20160520, 020000, Bittrex, 0.00000247
20160520, 030000, Bittrex, 0.00000247
20160520, 040000, Bittrex, 0.00000247
20160520, 050000, Bittrex, 0.00000247
20160520, 060000, Bittrex, 0.00000247
20160520, 070000, Bittrex, 0.00000247
20160520, 080000, Bittrex, 0.00000247
20160520, 090000, Bittrex, 0.00000247
20160520, 100000, Bittrex, 0.00000247
20160520, 110000, Bittrex, 0.00000247
20160520, 120000, Bittrex, 0.00000247
20160520, 130000, Bittrex, 0.00000247
20160520, 140000, Bittrex, 0.00000247
20160520, 150000, Bittrex, 0.00000247
20160520, 160000, Bittrex, 0.00000247
20160520, 170000, Bittrex, 0.00000247
20160520, 180000, Bittrex, 0.00000247
20160520, 190000, Bittrex, 0.00000247
20160520, 200000, Bittrex, 0.00000247
20160520, 210000, Bittrex, 0.00000247
20160520, 220000, Bittrex, 0.00000247
20160520, 230000, Bittrex, 0.00000247
20160521, 000000, Bittrex, 0.00000247
20160521, 010000, Bittrex, 0.00000247
20160521, 020000, Bittrex, 0.00000247
20160521, 030000, Bittrex, 0.00000247
20160521, 040000, Bittrex, 0.00000247
20160521, 050000, Bittrex, 0.00000247
20160521, 060000, Bittrex, 0.00000247
20160521, 070000, Bittrex, 0.00000247
20160521, 080000, Bittrex, 0.00000247
20160521, 090000, Bittrex, 0.00000247
20160521, 100000, Bittrex, 0.00000247
20160521, 110000, Bittrex, 0.00000247
20160521, 120000, Bittrex, 0.00000247
20160521, 130000, Bittrex, 0.00000247
20160521, 140000, Bittrex, 0.00000247
20160521, 150000, Bittrex, 0.00000247
20160521, 160000, Bittrex, 0.00000247
20160521, 170000, Bittrex, 0.00000247
20160521, 180000, Bittrex, 0.00000247
20160521, 190000, Bittrex, 0.00000247
20160521, 200000, Bittrex, 0.00000247
20160521, 210000, Bittrex, 0.00000247
20160521, 220000, Bittrex, 0.00000247
20160521, 230000, Bittrex, 0.00000247
20160522, 000000, Bittrex, 0.00000247
20160522, 010000, Bittrex, 0.00000247
20160522, 020000, Bittrex, 0.00000247
20160522, 030000, Bittrex, 0.00000247
20160522, 040000, Bittrex, 0.00000247
20160522, 050000, Bittrex, 0.00000247
20160522, 060000, Bittrex, 0.00000247
20160522, 070000, Bittrex, 0.00000247
20160522, 080000, Bittrex, 0.00000247
20160522, 090000, Bittrex, 0.00000247
20160522, 100000, Bittrex, 0.00000247
20160522, 110000, Bittrex, 0.00000247
20160522, 120000, Bittrex, 0.00000247
20160522, 130000, Bittrex, 0.00000247
20160522, 140000, Bittrex, 0.00000247
20160522, 150000, Bittrex, 0.00000247
20160522, 160000, Bittrex, 0.00000247
20160522, 170000, Bittrex, 0.00000247
20160522, 180000, Bittrex, 0.00000247
20160522, 190000, Bittrex, 0.00000247
20160522, 200000, Bittrex, 0.00000247
20160522, 210000, Bittrex, 0.00000247
20160522, 220000, Bittrex, 0.00000247
20160522, 230000, Bittrex, 0.00000247
20160523, 000000, Bittrex, 0.00000247
20160523, 010000, Bittrex, 0.00000247
20160523, 020000, Bittrex, 0.00000247
20160523, 030000, Bittrex, 0.00000247
20160523, 040000, Bittrex, 0.00000247
20160523, 050000, Bittrex, 0.00000247
20160523, 060000, Bittrex, 0.00000247
20160523, 070000, Bittrex, 0.00000247
20160523, 080000, Bittrex, 0.00000247
20160523, 090000, Bittrex, 0.00000247
20160523, 100000, Bittrex, 0.00000247
20160523, 110000, Bittrex, 0.00000247
20160523, 120000, Bittrex, 0.00000247
20160523, 130000, Bittrex, 0.00000247
20160523, 140000, Bittrex, 0.00000247
20160523, 150000, Bittrex, 0.00000247
20160523, 160000, Bittrex, 0.00000247
20160523, 170000, Bittrex, 0.00000247
20160523, 180000, Bittrex, 0.00000247
20160523, 190000, Bittrex, 0.00000247
20160523, 200000, Bittrex, 0.00000247
20160523, 210000, Bittrex, 0.00000247
20160523, 220000, Bittrex, 0.00000247
20160523, 230000, Bittrex, 0.00000247
20160524, 000000, Bittrex, 0.00000247
20160524, 010000, Bittrex, 0.00000247
20160524, 020000, Bittrex, 0.00000247
20160524, 030000, Bittrex, 0.00000247
20160524, 040000, Bittrex, 0.00000247
20160524, 050000, Bittrex, 0.00000247
20160524, 060000, Bittrex, 0.00000247
20160524, 070000, Bittrex, 0.00000247
20160524, 080000, Bittrex, 0.00000247
20160524, 090000, Bittrex, 0.00000247
20160524, 100000, Bittrex, 0.00000247
20160524, 110000, Bittrex, 0.00000247
20160524, 120000, Bittrex, 0.00000247
20160524, 130000, Bittrex, 0.00000247
20160524, 140000, Bittrex, 0.00000247
20160524, 150000, Bittrex, 0.00000247
20160524, 160000, Bittrex, 0.00000247
20160524, 170000, Bittrex, 0.00000247
20160524, 180000, Bittrex, 0.00000247
20160524, 190000, Bittrex, 0.00000247
20160524, 200000, Bittrex, 0.00000247
20160524, 210000, Bittrex, 0.00000247
20160524, 220000, Bittrex, 0.00000247
20160524, 230000, Bittrex, 0.00000247
20160525, 000000, Bittrex, 0.00000247
20160525, 010000, Bittrex, 0.00000247
20160525, 020000, Bittrex, 0.00000247
20160525, 030000, Bittrex, 0.00000247
20160525, 040000, Bittrex, 0.00000247
20160525, 050000, Bittrex, 0.00000247
20160525, 060000, Bittrex, 0.00000247
20160525, 070000, Bittrex, 0.00000247
20160525, 080000, Bittrex, 0.00000247
20160525, 090000, Bittrex, 0.00000247
20160525, 100000, Bittrex, 0.00000247
20160525, 110000, Bittrex, 0.00000247
20160525, 120000, Bittrex, 0.00000234
20160525, 130000, Bittrex, 0.00000234
20160525, 140000, Bittrex, 0.00000234
20160525, 150000, Bittrex, 0.00000234
20160525, 160000, Bittrex, 0.00000234
20160525, 170000, Bittrex, 0.00000234
20160525, 180000, Bittrex, 0.00000234
20160525, 190000, Bittrex, 0.00000234
20160525, 200000, Bittrex, 0.00000234
20160525, 210000, Bittrex, 0.00000234
20160525, 220000, Bittrex, 0.00000234
20160525, 230000, Bittrex, 0.00000234
20160526, 000000, Bittrex, 0.00000234
20160526, 010000, Bittrex, 0.00000234
20160526, 020000, Bittrex, 0.00000234
20160526, 030000, Bittrex, 0.00000234
20160526, 040000, Bittrex, 0.00000234
20160526, 050000, Bittrex, 0.00000234
20160526, 060000, Bittrex, 0.00000234
20160526, 070000, Bittrex, 0.00000234
20160526, 080000, Bittrex, 0.00000234
20160526, 090000, Bittrex, 0.00000234
20160526, 100000, Bittrex, 0.00000234
20160526, 110000, Bittrex, 0.00000234
20160526, 120000, Bittrex, 0.00000234
20160526, 130000, Bittrex, 0.00000234
20160526, 140000, Bittrex, 0.00000234
20160526, 150000, Bittrex, 0.00000234
20160526, 160000, Bittrex, 0.00000234
20160526, 170000, Bittrex, 0.00000234
20160526, 180000, Bittrex, 0.00000234
20160526, 190000, Bittrex, 0.00000234
20160526, 200000, Bittrex, 0.00000234
20160526, 210000, Bittrex, 0.00000234
20160526, 220000, Bittrex, 0.00000234
20160526, 230000, Bittrex, 0.00000234
20160527, 000000, Bittrex, 0.00000234
20160527, 010000, Bittrex, 0.00000234
20160527, 020000, Bittrex, 0.00000234
20160527, 030000, Bittrex, 0.00000234
20160527, 040000, Bittrex, 0.00000234
20160527, 050000, Bittrex, 0.00000232
20160527, 060000, Bittrex, 0.00000232
20160527, 070000, Bittrex, 0.00000239
20160527, 080000, Bittrex, 0.00000239
20160527, 090000, Bittrex, 0.00000239
20160527, 100000, Bittrex, 0.00000282
20160527, 110000, Bittrex, 0.00000282
20160527, 120000, Bittrex, 0.00000282
20160527, 130000, Bittrex, 0.00000282
20160527, 140000, Bittrex, 0.00000282
20160527, 150000, Bittrex, 0.00000282
20160527, 160000, Bittrex, 0.00000282
20160527, 170000, Bittrex, 0.00000282
20160527, 180000, Bittrex, 0.00000282
20160527, 190000, Bittrex, 0.00000282
20160527, 200000, Bittrex, 0.00000217
20160527, 210000, Bittrex, 0.00000217
20160527, 220000, Bittrex, 0.00000217
20160527, 230000, Bittrex, 0.00000217
20160528, 000000, Bittrex, 0.00000217
20160528, 010000, Bittrex, 0.00000217
20160528, 020000, Bittrex, 0.00000217
20160528, 030000, Bittrex, 0.00000217
20160528, 040000, Bittrex, 0.00000217
20160528, 050000, Bittrex, 0.00000219
20160528, 060000, Bittrex, 0.00000219
20160528, 070000, Bittrex, 0.00000219
20160528, 080000, Bittrex, 0.00000219
20160528, 090000, Bittrex, 0.00000219
20160528, 100000, Bittrex, 0.00000219
20160528, 110000, Bittrex, 0.00000219
20160528, 120000, Bittrex, 0.00000219
20160528, 130000, Bittrex, 0.00000219
20160528, 140000, Bittrex, 0.00000219
20160528, 150000, Bittrex, 0.00000219
20160528, 160000, Bittrex, 0.00000219
20160528, 170000, Bittrex, 0.00000219
20160528, 180000, Bittrex, 0.00000219
20160528, 190000, Bittrex, 0.00000219
20160528, 200000, Bittrex, 0.00000219
20160528, 210000, Bittrex, 0.00000219
20160528, 220000, Bittrex, 0.00000219
20160528, 230000, Bittrex, 0.00000219
20160529, 000000, Bittrex, 0.00000219
20160529, 010000, Bittrex, 0.00000219
20160529, 020000, Bittrex, 0.00000219
20160529, 030000, Bittrex, 0.00000219
20160529, 040000, Bittrex, 0.00000219
20160529, 050000, Bittrex, 0.00000219
20160529, 060000, Bittrex, 0.00000219
20160529, 070000, Bittrex, 0.00000219
20160529, 080000, Bittrex, 0.00000219
20160529, 090000, Bittrex, 0.00000219
20160529, 100000, Bittrex, 0.00000219
20160529, 110000, Bittrex, 0.00000219
20160529, 120000, Bittrex, 0.00000219
20160529, 130000, Bittrex, 0.00000219
20160529, 140000, Bittrex, 0.00000219
20160529, 150000, Bittrex, 0.00000219
20160529, 160000, Bittrex, 0.00000219
20160529, 170000, Bittrex, 0.00000219
20160529, 180000, Bittrex, 0.00000219
20160529, 190000, Bittrex, 0.00000219
20160529, 200000, Bittrex, 0.00000219
20160529, 210000, Bittrex, 0.00000219
20160529, 220000, Bittrex, 0.00000219
20160529, 230000, Bittrex, 0.00000219
20160530, 000000, Bittrex, 0.00000219
20160530, 010000, Bittrex, 0.00000219
20160530, 020000, Bittrex, 0.00000219
20160530, 030000, Bittrex, 0.00000219
20160530, 040000, Bittrex, 0.00000219
20160530, 050000, Bittrex, 0.00000219
20160530, 060000, Bittrex, 0.00000219
20160530, 070000, Bittrex, 0.00000219
20160530, 080000, Bittrex, 0.00000219
20160530, 090000, Bittrex, 0.00000219
20160530, 100000, Bittrex, 0.00000219
20160530, 110000, Bittrex, 0.00000219
20160530, 120000, Bittrex, 0.00000219
20160530, 130000, Bittrex, 0.00000219
20160530, 140000, Bittrex, 0.00000219
20160530, 150000, Bittrex, 0.00000219
20160530, 160000, Bittrex, 0.00000219
20160530, 170000, Bittrex, 0.00000219
20160530, 180000, Bittrex, 0.00000219
20160530, 190000, Bittrex, 0.00000219
20160530, 200000, Bittrex, 0.00000219
20160530, 210000, Bittrex, 0.00000219
20160530, 220000, Bittrex, 0.00000219
20160530, 230000, Bittrex, 0.00000219
20160531, 000000, Bittrex, 0.00000219
20160531, 010000, Bittrex, 0.00000219
20160531, 020000, Bittrex, 0.00000219
20160531, 030000, Bittrex, 0.00000219
20160531, 040000, Bittrex, 0.00000219
20160531, 050000, Bittrex, 0.00000219
20160531, 060000, Bittrex, 0.00000219
20160531, 070000, Bittrex, 0.00000219
20160531, 080000, Bittrex, 0.00000219
20160531, 090000, Bittrex, 0.00000219
20160531, 100000, Bittrex, 0.00000219
20160531, 110000, Bittrex, 0.00000219
20160531, 120000, Bittrex, 0.00000219
20160531, 130000, Bittrex, 0.00000219
20160531, 140000, Bittrex, 0.00000219
20160531, 150000, Bittrex, 0.00000219
20160531, 160000, Bittrex, 0.00000219
20160531, 170000, Bittrex, 0.00000219
20160531, 180000, Bittrex, 0.00000219
20160531, 190000, Bittrex, 0.00000219
20160531, 200000, Bittrex, 0.00000219
20160531, 210000, Bittrex, 0.00000219
20160531, 220000, Bittrex, 0.00000219
20160531, 230000, Bittrex, 0.00000219
20160601, 000000, Bittrex, 0.00000219
20160601, 010000, Bittrex, 0.00000219
20160601, 020000, Bittrex, 0.00000219
20160601, 030000, Bittrex, 0.00000219
20160601, 040000, Bittrex, 0.00000219
20160601, 050000, Bittrex, 0.00000219
20160601, 060000, Bittrex, 0.00000221
20160601, 070000, Bittrex, 
20160601, 080000, Bittrex, 0.00000232
20160601, 090000, Bittrex, 0.00000232
20160601, 100000, Bittrex, 0.00000232
20160601, 110000, Bittrex, 0.00000218
20160601, 120000, Bittrex, 0.00000231
20160601, 130000, Bittrex, 0.00000231
20160601, 140000, Bittrex, 0.00000231
20160601, 150000, Bittrex, 0.00000231
20160601, 160000, Bittrex, 0.00000231
20160601, 170000, Bittrex, 0.00000231
20160601, 180000, Bittrex, 0.00000231
20160601, 190000, Bittrex, 0.00000231
20160601, 200000, Bittrex, 0.00000231
20160601, 210000, Bittrex, 0.00000231
20160601, 220000, Bittrex, 0.00000231
20160601, 230000, Bittrex, 0.00000231
20160602, 000000, Bittrex, 0.00000231
20160602, 010000, Bittrex, 0.00000231
20160602, 020000, Bittrex, 0.00000231
20160602, 030000, Bittrex, 0.00000231
20160602, 040000, Bittrex, 0.00000239
20160602, 050000, Bittrex, 0.00000239
20160602, 060000, Bittrex, 0.00000239
20160602, 070000, Bittrex, 0.00000239
20160602, 080000, Bittrex, 0.00000239
20160602, 090000, Bittrex, 0.00000242
20160602, 100000, Bittrex, 0.00000242
20160602, 110000, Bittrex, 0.00000242
20160602, 120000, Bittrex, 0.00000242
20160602, 130000, Bittrex, 0.00000242
20160602, 140000, Bittrex, 0.00000242
20160602, 150000, Bittrex, 0.00000242
20160602, 160000, Bittrex, 0.00000232
20160602, 170000, Bittrex, 0.00000232
20160602, 180000, Bittrex, 0.00000232
20160602, 190000, Bittrex, 0.00000232
20160602, 200000, Bittrex, 0.00000232
20160602, 210000, Bittrex, 0.00000232
20160602, 220000, Bittrex, 0.00000232
20160602, 230000, Bittrex, 0.00000232
20160603, 000000, Bittrex, 0.00000232
20160603, 010000, Bittrex, 0.00000232
20160603, 020000, Bittrex, 0.00000232
20160603, 030000, Bittrex, 0.00000232
20160603, 040000, Bittrex, 0.00000232
20160603, 050000, Bittrex, 0.00000232
20160603, 060000, Bittrex, 0.00000232
20160603, 070000, Bittrex, 0.00000232
20160603, 080000, Bittrex, 0.00000232
20160603, 090000, Bittrex, 0.00000232
20160603, 100000, Bittrex, 0.00000236
20160603, 110000, Bittrex, 0.00000236
20160603, 120000, Bittrex, 0.00000236
20160603, 130000, Bittrex, 0.00000236
20160603, 140000, Bittrex, 0.00000236
20160603, 150000, Bittrex, 0.00000236
20160603, 160000, Bittrex, 0.00000236
20160603, 170000, Bittrex, 0.00000236
20160603, 180000, Bittrex, 0.00000236
20160603, 190000, Bittrex, 0.00000236
20160603, 200000, Bittrex, 0.00000236
20160603, 210000, Bittrex, 0.00000236
20160603, 220000, Bittrex, 0.00000236
20160603, 230000, Bittrex, 0.00000236
20160604, 000000, Bittrex, 0.00000236
20160604, 010000, Bittrex, 0.00000236
20160604, 020000, Bittrex, 0.00000236
20160604, 030000, Bittrex, 0.00000236
20160604, 040000, Bittrex, 0.00000236
20160604, 050000, Bittrex, 0.00000236
20160604, 060000, Bittrex, 0.00000236
20160604, 070000, Bittrex, 0.00000236
20160604, 080000, Bittrex, 0.00000236
20160604, 090000, Bittrex, 0.00000236
20160604, 100000, Bittrex, 0.00000236
20160604, 110000, Bittrex, 0.00000236
20160604, 120000, Bittrex, 0.00000236
20160604, 130000, Bittrex, 0.00000236
20160604, 140000, Bittrex, 0.00000236
20160604, 150000, Bittrex, 0.00000236
20160604, 160000, Bittrex, 0.00000236
20160604, 170000, Bittrex, 0.00000236
20160604, 180000, Bittrex, 0.00000236
20160604, 190000, Bittrex, 0.00000236
20160604, 200000, Bittrex, 0.00000236
20160604, 210000, Bittrex, 0.00000236
20160604, 220000, Bittrex, 0.00000236
20160604, 230000, Bittrex, 0.00000236
20160605, 000000, Bittrex, 0.00000236
20160605, 010000, Bittrex, 0.00000236
20160605, 020000, Bittrex, 0.00000236
20160605, 030000, Bittrex, 0.00000236
20160605, 040000, Bittrex, 0.00000236
20160605, 050000, Bittrex, 0.00000236
20160605, 060000, Bittrex, 0.00000236
20160605, 070000, Bittrex, 0.00000236
20160605, 080000, Bittrex, 0.00000236
20160605, 090000, Bittrex, 0.00000236
20160605, 100000, Bittrex, 0.00000236
20160605, 110000, Bittrex, 0.00000236
20160605, 120000, Bittrex, 0.00000236
20160605, 130000, Bittrex, 0.00000236
20160605, 140000, Bittrex, 0.00000236
20160605, 150000, Bittrex, 0.00000236
20160605, 160000, Bittrex, 0.00000236
20160605, 170000, Bittrex, 0.00000236
20160605, 180000, Bittrex, 0.00000236
20160605, 190000, Bittrex, 0.00000236
20160605, 200000, Bittrex, 0.00000236
20160605, 210000, Bittrex, 0.00000236
20160605, 220000, Bittrex, 0.00000236
20160605, 230000, Bittrex, 0.00000236
20160606, 000000, Bittrex, 0.00000236
20160606, 010000, Bittrex, 0.00000236
20160606, 020000, Bittrex, 0.00000236
20160606, 030000, Bittrex, 0.00000236
20160606, 040000, Bittrex, 0.00000236
20160606, 050000, Bittrex, 0.00000236
20160606, 060000, Bittrex, 0.00000236
20160606, 070000, Bittrex, 0.00000236
20160606, 080000, Bittrex, 0.00000236
20160606, 090000, Bittrex, 0.00000236
20160606, 100000, Bittrex, 0.00000236
20160606, 110000, Bittrex, 0.00000236
20160606, 120000, Bittrex, 0.00000236
20160606, 130000, Bittrex, 0.00000236
20160606, 140000, Bittrex, 0.00000236
20160606, 150000, Bittrex, 0.00000236
20160606, 160000, Bittrex, 0.00000236
20160606, 170000, Bittrex, 0.00000236
20160606, 180000, Bittrex, 0.00000236
20160606, 190000, Bittrex, 0.00000236
20160606, 200000, Bittrex, 0.00000236
20160606, 210000, Bittrex, 0.00000236
20160606, 220000, Bittrex, 0.00000236
20160606, 230000, Bittrex, 0.00000236
20160607, 000000, Bittrex, 0.00000236
20160607, 010000, Bittrex, 0.00000236
20160607, 020000, Bittrex, 0.00000236
20160607, 030000, Bittrex, 0.00000236
20160607, 040000, Bittrex, 0.00000236
20160607, 050000, Bittrex, 0.00000236
20160607, 060000, Bittrex, 0.00000236
20160607, 070000, Bittrex, 0.00000236
20160607, 080000, Bittrex, 0.00000236
20160607, 090000, Bittrex, 0.00000236
20160607, 100000, Bittrex, 0.00000236
20160607, 110000, Bittrex, 0.00000236
20160607, 120000, Bittrex, 0.00000236
20160607, 130000, Bittrex, 0.00000236
20160607, 140000, Bittrex, 0.00000236
20160607, 150000, Bittrex, 0.00000236
20160607, 160000, Bittrex, 0.00000236
20160607, 170000, Bittrex, 0.00000236
20160607, 180000, Bittrex, 0.00000236
20160607, 190000, Bittrex, 0.00000236
20160607, 200000, Bittrex, 0.00000236
20160607, 210000, Bittrex, 0.00000236
20160607, 220000, Bittrex, 0.00000236
20160607, 230000, Bittrex, 0.00000236
20160608, 000000, Bittrex, 0.00000236
20160608, 010000, Bittrex, 0.00000236
20160608, 020000, Bittrex, 0.00000236
20160608, 030000, Bittrex, 0.00000236
20160608, 040000, Bittrex, 0.00000236
20160608, 050000, Bittrex, 0.00000236
20160608, 060000, Bittrex, 0.00000236
20160608, 070000, Bittrex, 0.00000232
20160608, 080000, Bittrex, 0.00000232
20160608, 090000, Bittrex, 0.00000232
20160608, 100000, Bittrex, 0.00000242
20160608, 110000, Bittrex, 0.00000242
20160608, 120000, Bittrex, 0.00000242
20160608, 130000, Bittrex, 0.00000242
20160608, 140000, Bittrex, 0.00000242
20160608, 150000, Bittrex, 0.00000242
20160608, 160000, Bittrex, 0.00000242
20160608, 170000, Bittrex, 0.00000242
20160608, 180000, Bittrex, 0.00000242
20160608, 190000, Bittrex, 0.00000242
20160608, 200000, Bittrex, 0.00000242
20160608, 210000, Bittrex, 0.00000242
20160608, 220000, Bittrex, 0.00000242
20160608, 230000, Bittrex, 0.00000242
20160609, 000000, Bittrex, 0.00000242
20160609, 010000, Bittrex, 0.00000242
20160609, 020000, Bittrex, 0.00000242
20160609, 030000, Bittrex, 0.00000242
20160609, 040000, Bittrex, 0.00000242
20160609, 050000, Bittrex, 0.00000242
20160609, 060000, Bittrex, 0.00000242
20160609, 070000, Bittrex, 0.00000242
20160609, 080000, Bittrex, 0.00000242
20160609, 090000, Bittrex, 0.00000242
20160609, 100000, Bittrex, 0.00000242
20160609, 110000, Bittrex, 0.00000242
20160609, 120000, Bittrex, 0.00000242
20160609, 130000, Bittrex, 0.00000242
20160609, 140000, Bittrex, 0.00000242
20160609, 152500, Bittrex, 0.00000242
20160609, 160000, Bittrex, 0.00000242
20160609, 170000, Bittrex, 0.00000242
20160609, 180000, Bittrex, 0.00000242
20160609, 190000, Bittrex, 0.00000242
20160609, 200000, Bittrex, 0.00000242
20160609, 210000, Bittrex, 0.00000242
20160609, 220000, Bittrex, 0.00000242
20160609, 230000, Bittrex, 0.00000242
20160610, 000000, Bittrex, 0.00000242
20160610, 010000, Bittrex, 0.00000242
20160610, 020000, Bittrex, 0.00000242
20160610, 030000, Bittrex, 0.00000242
20160610, 040000, Bittrex, 0.00000242
20160610, 050000, Bittrex, 0.00000242
20160610, 060000, Bittrex, 0.00000242
20160610, 070000, Bittrex, 0.00000242
20160610, 080000, Bittrex, 0.00000242
20160610, 090000, Bittrex, 0.00000242
20160610, 100000, Bittrex, 0.00000242
20160610, 110000, Bittrex, 0.00000242
20160610, 120000, Bittrex, 0.00000242
20160610, 130000, Bittrex, 0.00000242
20160610, 140000, Bittrex, 0.00000242
20160610, 150000, Bittrex, 0.00000242
20160610, 160000, Bittrex, 0.00000242
20160610, 170000, Bittrex, 0.00000242
20160610, 180000, Bittrex, 0.00000242
20160610, 190000, Bittrex, 0.00000242
20160610, 200000, Bittrex, 0.00000242
20160610, 210000, Bittrex, 0.00000242
20160610, 220000, Bittrex, 0.00000242
20160610, 230000, Bittrex, 0.00000242
20160611, 000000, Bittrex, 0.00000242
20160611, 010000, Bittrex, 0.00000242
20160611, 020000, Bittrex, 0.00000242
20160611, 030000, Bittrex, 0.00000242
20160611, 040000, Bittrex, 0.00000242
20160611, 050000, Bittrex, 0.00000242
20160611, 060000, Bittrex, 0.00000242
20160611, 070000, Bittrex, 0.00000242
20160611, 080000, Bittrex, 0.00000242
20160611, 090000, Bittrex, 0.00000242
20160611, 100000, Bittrex, 0.00000242
20160611, 110000, Bittrex, 0.00000242
20160611, 120000, Bittrex, 0.00000242
20160611, 130000, Bittrex, 0.00000242
20160611, 140000, Bittrex, 0.00000242
20160611, 150000, Bittrex, 0.00000242
20160611, 160000, Bittrex, 0.00000242
20160611, 170000, Bittrex, 0.00000242
20160611, 180000, Bittrex, 0.00000242
20160611, 190000, Bittrex, 0.00000242
20160611, 200000, Bittrex, 0.00000242
20160611, 210000, Bittrex, 0.00000242
20160611, 220000, Bittrex, 0.00000242
20160611, 230000, Bittrex, 0.00000242
20160612, 000000, Bittrex, 0.00000242
20160612, 010000, Bittrex, 0.00000242
20160612, 020000, Bittrex, 0.00000242
20160612, 030000, Bittrex, 0.00000242
20160612, 040000, Bittrex, 0.00000242
20160612, 050000, Bittrex, 0.00000242
20160612, 060000, Bittrex, 0.00000242
20160612, 070000, Bittrex, 0.00000242
20160612, 080000, Bittrex, 0.00000242
20160612, 090000, Bittrex, 0.00000242
20160612, 100000, Bittrex, 0.00000242
20160612, 110000, Bittrex, 0.00000220
20160612, 120000, Bittrex, 0.00000230
20160612, 130000, Bittrex, 0.00000230
20160612, 140000, Bittrex, 0.00000230
20160612, 150000, Bittrex, 0.00000230
20160612, 160000, Bittrex, 0.00000206
20160612, 170000, Bittrex, 0.00000206
20160612, 180000, Bittrex, 0.00000221
20160612, 190000, Bittrex, 0.00000221
20160612, 200000, Bittrex, 0.00000221
20160612, 210000, Bittrex, 0.00000221
20160612, 220000, Bittrex, 0.00000221
20160612, 230000, Bittrex, 0.00000221
20160613, 000000, Bittrex, 0.00000221
20160613, 010000, Bittrex, 0.00000221
20160613, 020000, Bittrex, 0.00000221
20160613, 030000, Bittrex, 0.00000221
20160613, 040000, Bittrex, 0.00000221
20160613, 050000, Bittrex, 0.00000221
20160613, 060000, Bittrex, 0.00000221
20160613, 070000, Bittrex, 0.00000221
20160613, 080000, Bittrex, 0.00000221
20160613, 090000, Bittrex, 0.00000221
20160613, 100000, Bittrex, 0.00000221
20160613, 110000, Bittrex, 0.00000221
20160613, 120000, Bittrex, 0.00000221
20160613, 130000, Bittrex, 0.00000221
20160613, 140000, Bittrex, 0.00000221
20160613, 150000, Bittrex, 0.00000221
20160613, 160000, Bittrex, 0.00000212
20160613, 170000, Bittrex, 0.00000212
20160613, 180000, Bittrex, 0.00000212
20160613, 190000, Bittrex, 0.00000200
20160613, 200000, Bittrex, 0.00000201
20160613, 210000, Bittrex, 0.00000178
20160613, 220000, Bittrex, 0.00000178
20160613, 230000, Bittrex, 0.00000178
20160614, 000000, Bittrex, 0.00000219
20160614, 010000, Bittrex, 0.00000219
20160614, 020000, Bittrex, 0.00000219
20160614, 030000, Bittrex, 0.00000219
20160614, 040000, Bittrex, 0.00000219
20160614, 050000, Bittrex, 0.00000219
20160614, 060000, Bittrex, 0.00000219
20160614, 070000, Bittrex, 0.00000219
20160614, 080000, Bittrex, 0.00000219
20160614, 090000, Bittrex, 0.00000219
20160614, 100000, Bittrex, 0.00000219
20160614, 110000, Bittrex, 0.00000219
20160614, 120000, Bittrex, 0.00000219
20160614, 130000, Bittrex, 0.00000219
20160614, 140000, Bittrex, 0.00000219
20160614, 150000, Bittrex, 0.00000219
20160614, 160000, Bittrex, 0.00000219
20160614, 170000, Bittrex, 0.00000219
20160614, 180000, Bittrex, 0.00000219
20160614, 190000, Bittrex, 0.00000219
20160614, 200000, Bittrex, 0.00000219
20160614, 210000, Bittrex, 0.00000219
20160614, 220000, Bittrex, 0.00000219
20160614, 230000, Bittrex, 0.00000219
20160615, 000000, Bittrex, 0.00000219
20160615, 010000, Bittrex, 0.00000219
20160615, 020000, Bittrex, 0.00000219
20160615, 030000, Bittrex, 0.00000219
20160615, 040000, Bittrex, 0.00000219
20160615, 050000, Bittrex, 0.00000219
20160615, 060000, Bittrex, 0.00000219
20160615, 070000, Bittrex, 0.00000219
20160615, 080000, Bittrex, 0.00000219
20160615, 090000, Bittrex, 0.00000219
20160615, 100000, Bittrex, 0.00000219
20160615, 110000, Bittrex, 0.00000219
20160615, 120000, Bittrex, 0.00000219
20160615, 130000, Bittrex, 0.00000219
20160615, 140000, Bittrex, 0.00000219
20160615, 150000, Bittrex, 0.00000219
20160615, 160000, Bittrex, 0.00000219
20160615, 170000, Bittrex, 0.00000219
20160615, 180000, Bittrex, 0.00000219
20160615, 190000, Bittrex, 0.00000196
20160615, 200000, Bittrex, 0.00000199
20160615, 210000, Bittrex, 0.00000199
20160615, 220000, Bittrex, 0.00000199
20160615, 230000, Bittrex, 0.00000199
20160616, 000000, Bittrex, 0.00000199
20160616, 010000, Bittrex, 0.00000199
20160616, 020000, Bittrex, 0.00000199
20160616, 030000, Bittrex, 0.00000199
20160616, 040000, Bittrex, 0.00000199
20160616, 050000, Bittrex, 0.00000199
20160616, 060000, Bittrex, 0.00000178
20160616, 070000, Bittrex, 0.00000178
20160616, 080000, Bittrex, 0.00000178
20160616, 090000, Bittrex, 0.00000178
20160616, 100000, Bittrex, 0.00000178
20160616, 110000, Bittrex, 0.00000205
20160616, 120000, Bittrex, 0.00000205
20160616, 130000, Bittrex, 0.00000205
20160616, 140000, Bittrex, 0.00000205
20160616, 150000, Bittrex, 0.00000205
20160616, 160000, Bittrex, 0.00000205
20160616, 170000, Bittrex, 0.00000206
20160616, 180000, Bittrex, 0.00000206
20160616, 190000, Bittrex, 0.00000206
20160616, 200000, Bittrex, 0.00000206
20160616, 210000, Bittrex, 0.00000206
20160616, 220000, Bittrex, 0.00000206
20160616, 230000, Bittrex, 0.00000206
20160617, 000000, Bittrex, 0.00000206
20160617, 010000, Bittrex, 0.00000206
20160617, 020000, Bittrex, 0.00000206
20160617, 030000, Bittrex, 0.00000206
20160617, 040000, Bittrex, 0.00000210
20160617, 050000, Bittrex, 0.00000210
20160617, 060000, Bittrex, 0.00000210
20160617, 070000, Bittrex, 0.00000210
20160617, 080000, Bittrex, 0.00000210
20160617, 090000, Bittrex, 0.00000210
20160617, 100000, Bittrex, 0.00000210
20160617, 110000, Bittrex, 0.00000198
20160617, 120000, Bittrex, 0.00000198
20160617, 130000, Bittrex, 0.00000198
20160617, 140000, Bittrex, 0.00000218
20160617, 150000, Bittrex, 0.00000218
20160617, 160000, Bittrex, 0.00000197
20160617, 170000, Bittrex, 0.00000197
20160617, 180000, Bittrex, 0.00000197
20160617, 190000, Bittrex, 0.00000197
20160617, 200000, Bittrex, 0.00000197
20160617, 210000, Bittrex, 0.00000197
20160617, 220000, Bittrex, 0.00000197
20160617, 230000, Bittrex, 0.00000197
20160618, 000000, Bittrex, 0.00000216
20160618, 010000, Bittrex, 0.00000214
20160618, 020000, Bittrex, 0.00000214
20160618, 030000, Bittrex, 0.00000214
20160618, 040000, Bittrex, 0.00000214
20160618, 050000, Bittrex, 0.00000214
20160618, 060000, Bittrex, 0.00000214
20160618, 070000, Bittrex, 0.00000214
20160618, 080000, Bittrex, 0.00000214
20160618, 090000, Bittrex, 0.00000214
20160618, 100000, Bittrex, 0.00000214
20160618, 110000, Bittrex, 0.00000214
20160618, 120000, Bittrex, 0.00000214
20160618, 130000, Bittrex, 0.00000214
20160618, 140000, Bittrex, 0.00000214
20160618, 150000, Bittrex, 0.00000214
20160618, 160000, Bittrex, 0.00000214
20160618, 170000, Bittrex, 0.00000221
20160618, 180000, Bittrex, 0.00000221
20160618, 190000, Bittrex, 0.00000221
20160618, 200000, Bittrex, 0.00000221
20160618, 210000, Bittrex, 0.00000221
20160618, 220000, Bittrex, 0.00000221
20160618, 230000, Bittrex, 0.00000221
20160619, 000000, Bittrex, 0.00000221
20160619, 010000, Bittrex, 0.00000221
20160619, 020000, Bittrex, 0.00000221
20160619, 030000, Bittrex, 0.00000221
20160619, 040000, Bittrex, 0.00000221
20160619, 050000, Bittrex, 0.00000221
20160619, 060000, Bittrex, 0.00000221
20160619, 070000, Bittrex, 0.00000221
20160619, 080000, Bittrex, 0.00000221
20160619, 090000, Bittrex, 0.00000221
20160619, 100000, Bittrex, 0.00000221
20160619, 110000, Bittrex, 0.00000221
20160619, 120000, Bittrex, 0.00000221
20160619, 130000, Bittrex, 0.00000221
20160619, 140000, Bittrex, 0.00000221
20160619, 150000, Bittrex, 0.00000221
20160619, 160000, Bittrex, 0.00000221
20160619, 170000, Bittrex, 0.00000221
20160619, 180000, Bittrex, 0.00000221
20160619, 190000, Bittrex, 0.00000221
20160619, 200000, Bittrex, 0.00000221
20160619, 210000, Bittrex, 0.00000215
20160619, 220000, Bittrex, 0.00000215
20160619, 230000, Bittrex, 0.00000215
20160620, 000000, Bittrex, 0.00000215
20160620, 010000, Bittrex, 0.00000215
20160620, 020000, Bittrex, 0.00000215
20160620, 030000, Bittrex, 0.00000215
20160620, 040000, Bittrex, 0.00000215
20160620, 050000, Bittrex, 0.00000215
20160620, 060000, Bittrex, 0.00000214
20160620, 070000, Bittrex, 0.00000214
20160620, 080000, Bittrex, 0.00000214
20160620, 090000, Bittrex, 0.00000214
20160620, 100000, Bittrex, 0.00000214
20160620, 110000, Bittrex, 0.00000214
20160620, 120000, Bittrex, 0.00000214
20160620, 130000, Bittrex, 0.00000214
20160620, 140000, Bittrex, 0.00000214
20160620, 150000, Bittrex, 0.00000214
20160620, 160000, Bittrex, 0.00000214
20160620, 170000, Bittrex, 0.00000214
20160620, 180000, Bittrex, 0.00000214
20160620, 190000, Bittrex, 0.00000214
20160620, 200000, Bittrex, 0.00000214
20160620, 210000, Bittrex, 0.00000214
20160620, 220000, Bittrex, 0.00000214
20160620, 230000, Bittrex, 0.00000214
20160621, 000000, Bittrex, 0.00000214
20160621, 010000, Bittrex, 0.00000210
20160621, 020000, Bittrex, 0.00000210
20160621, 030000, Bittrex, 0.00000210
20160621, 040000, Bittrex, 0.00000210
20160621, 050000, Bittrex, 0.00000210
20160621, 060000, Bittrex, 0.00000210
20160621, 070000, Bittrex, 0.00000210
20160621, 080000, Bittrex, 0.00000210
20160621, 090000, Bittrex, 0.00000210
20160621, 100000, Bittrex, 0.00000210
20160621, 110000, Bittrex, 0.00000210
20160621, 120000, Bittrex, 0.00000210
20160621, 130000, Bittrex, 0.00000210
20160621, 140000, Bittrex, 0.00000210
20160621, 150000, Bittrex, 0.00000210
20160621, 160000, Bittrex, 0.00000216
20160621, 170000, Bittrex, 0.00000216
20160621, 180000, Bittrex, 0.00000216
20160621, 190000, Bittrex, 
20160621, 200000, Bittrex, 0.00000216
20160621, 210000, Bittrex, 0.00000216
20160621, 220000, Bittrex, 0.00000216
20160621, 230000, Bittrex, 0.00000216
20160622, 000000, Bittrex, 0.00000216
20160622, 010000, Bittrex, 0.00000216
20160622, 020000, Bittrex, 0.00000216
20160622, 030000, Bittrex, 0.00000216
20160622, 040000, Bittrex, 0.00000216
20160622, 050000, Bittrex, 0.00000216
20160622, 060000, Bittrex, 0.00000216
20160622, 070000, Bittrex, 0.00000216
20160622, 080000, Bittrex, 0.00000216
20160622, 090000, Bittrex, 0.00000216
20160622, 100000, Bittrex, 0.00000216
20160622, 110000, Bittrex, 0.00000216
20160622, 120000, Bittrex, 0.00000216
20160622, 130000, Bittrex, 0.00000216
20160622, 140000, Bittrex, 0.00000216
20160622, 150000, Bittrex, 0.00000216
20160622, 160000, Bittrex, 0.00000216
20160622, 170000, Bittrex, 0.00000216
20160622, 180000, Bittrex, 0.00000216
20160622, 190000, Bittrex, 0.00000216
20160622, 200000, Bittrex, 0.00000216
20160622, 210000, Bittrex, 0.00000216
20160622, 220000, Bittrex, 0.00000216
20160622, 230000, Bittrex, 0.00000216
20160623, 000000, Bittrex, 0.00000216
20160623, 010000, Bittrex, 0.00000216
20160623, 020000, Bittrex, 0.00000216
20160623, 030000, Bittrex, 0.00000197
20160623, 040000, Bittrex, 0.00000197
20160623, 050000, Bittrex, 0.00000197
20160623, 060000, Bittrex, 0.00000197
20160623, 070000, Bittrex, 0.00000197
20160623, 080000, Bittrex, 0.00000197
20160623, 090000, Bittrex, 0.00000197
20160623, 100000, Bittrex, 0.00000197
20160623, 110000, Bittrex, 0.00000197
20160623, 120000, Bittrex, 0.00000197
20160623, 130000, Bittrex, 0.00000197
20160623, 140000, Bittrex, 0.00000197
20160623, 150000, Bittrex, 0.00000197
20160623, 160000, Bittrex, 0.00000197
20160623, 170000, Bittrex, 0.00000197
20160623, 180000, Bittrex, 0.00000197
20160623, 190000, Bittrex, 0.00000197
20160623, 200000, Bittrex, 0.00000197
20160623, 210000, Bittrex, 0.00000197
20160623, 220000, Bittrex, 0.00000197
20160623, 230000, Bittrex, 0.00000197
20160624, 000000, Bittrex, 0.00000197
20160624, 010000, Bittrex, 0.00000197
20160624, 020000, Bittrex, 0.00000197
20160624, 030000, Bittrex, 0.00000197
20160624, 040000, Bittrex, 0.00000197
20160624, 050000, Bittrex, 0.00000197
20160624, 060000, Bittrex, 0.00000197
20160624, 070000, Bittrex, 0.00000197
20160624, 080000, Bittrex, 0.00000197
20160624, 090000, Bittrex, 0.00000197
20160624, 100000, Bittrex, 0.00000197
20160624, 110000, Bittrex, 0.00000197
20160624, 120000, Bittrex, 0.00000197
20160624, 130000, Bittrex, 0.00000197
20160624, 140000, Bittrex, 0.00000197
20160624, 150000, Bittrex, 0.00000197
20160624, 160000, Bittrex, 0.00000197
20160624, 170000, Bittrex, 0.00000197
20160624, 180000, Bittrex, 0.00000197
20160624, 190000, Bittrex, 0.00000197
20160624, 200000, Bittrex, 0.00000197
20160624, 210000, Bittrex, 0.00000197
20160624, 220000, Bittrex, 0.00000197
20160624, 230000, Bittrex, 0.00000197
20160625, 000000, Bittrex, 0.00000197
20160625, 010000, Bittrex, 0.00000197
20160625, 020000, Bittrex, 0.00000197
20160625, 030000, Bittrex, 0.00000197
20160625, 040000, Bittrex, 0.00000197
20160625, 050000, Bittrex, 0.00000197
20160625, 060000, Bittrex, 0.00000197
20160625, 070000, Bittrex, 0.00000197
20160625, 080000, Bittrex, 0.00000197
20160625, 090000, Bittrex, 0.00000197
20160625, 100000, Bittrex, 0.00000197
20160625, 110000, Bittrex, 0.00000197
20160625, 120000, Bittrex, 0.00000197
20160625, 130000, Bittrex, 0.00000197
20160625, 140000, Bittrex, 0.00000197
20160625, 150000, Bittrex, 0.00000197
20160625, 160000, Bittrex, 0.00000197
20160625, 170000, Bittrex, 0.00000197
20160625, 180000, Bittrex, 0.00000197
20160625, 190000, Bittrex, 0.00000197
20160625, 200000, Bittrex, 0.00000197
20160625, 210000, Bittrex, 0.00000197
20160625, 220000, Bittrex, 0.00000197
20160625, 230000, Bittrex, 0.00000197
20160626, 000000, Bittrex, 0.00000197
20160626, 010000, Bittrex, 0.00000197
20160626, 020000, Bittrex, 0.00000197
20160626, 030000, Bittrex, 0.00000197
20160626, 040000, Bittrex, 0.00000197
20160626, 050000, Bittrex, 0.00000197
20160626, 060000, Bittrex, 0.00000197
20160626, 070000, Bittrex, 0.00000197
20160626, 080000, Bittrex, 0.00000197
20160626, 090000, Bittrex, 0.00000197
20160626, 100000, Bittrex, 0.00000197
20160626, 110000, Bittrex, 0.00000280
20160626, 120000, Bittrex, 0.00000230
20160626, 130000, Bittrex, 0.00000230
20160626, 140000, Bittrex, 0.00000230
20160626, 150000, Bittrex, 0.00000230
20160626, 160000, Bittrex, 0.00000230
20160626, 170000, Bittrex, 0.00000230
20160626, 180000, Bittrex, 0.00000218
20160626, 190000, Bittrex, 0.00000218
20160626, 200000, Bittrex, 0.00000218
20160626, 210000, Bittrex, 0.00000218
20160626, 220000, Bittrex, 0.00000219
20160626, 230000, Bittrex, 0.00000219
20160627, 000000, Bittrex, 0.00000224
20160627, 010000, Bittrex, 0.00000224
20160627, 020000, Bittrex, 0.00000224
20160627, 030000, Bittrex, 0.00000224
20160627, 040000, Bittrex, 0.00000224
20160627, 050000, Bittrex, 0.00000248
20160627, 060000, Bittrex, 0.00000248
20160627, 070000, Bittrex, 0.00000248
20160627, 080000, Bittrex, 0.00000230
20160627, 090000, Bittrex, 0.00000263
20160627, 100000, Bittrex, 0.00000263
20160627, 110000, Bittrex, 0.00000268
20160627, 120000, Bittrex, 0.00000268
20160627, 130000, Bittrex, 0.00000268
20160627, 140000, Bittrex, 0.00000268
20160627, 150000, Bittrex, 0.00000268
20160627, 160000, Bittrex, 0.00000268
20160627, 170000, Bittrex, 0.00000268
20160627, 180000, Bittrex, 0.00000268
20160627, 190000, Bittrex, 0.00000268
20160627, 200000, Bittrex, 0.00000268
20160627, 210000, Bittrex, 0.00000268
20160627, 220000, Bittrex, 0.00000268
20160627, 230000, Bittrex, 0.00000268
20160628, 000000, Bittrex, 0.00000268
20160628, 010000, Bittrex, 0.00000268
20160628, 020000, Bittrex, 0.00000268
20160628, 030000, Bittrex, 0.00000268
20160628, 040000, Bittrex, 0.00000268
20160628, 050000, Bittrex, 0.00000268
20160628, 060000, Bittrex, 0.00000268
20160628, 070000, Bittrex, 0.00000268
20160628, 080000, Bittrex, 0.00000268
20160628, 090000, Bittrex, 0.00000268
20160628, 100000, Bittrex, 0.00000268
20160628, 110000, Bittrex, 0.00000261
20160628, 120000, Bittrex, 0.00000261
20160628, 130000, Bittrex, 0.00000261
20160628, 140000, Bittrex, 0.00000240
20160628, 150000, Bittrex, 0.00000240
20160628, 160000, Bittrex, 0.00000240
20160628, 170000, Bittrex, 0.00000240
20160628, 180000, Bittrex, 0.00000251
20160628, 190000, Bittrex, 0.00000251
20160628, 200000, Bittrex, 0.00000251
20160628, 210000, Bittrex, 0.00000251
20160628, 220000, Bittrex, 0.00000251
20160628, 230000, Bittrex, 0.00000246
20160629, 000000, Bittrex, 0.00000246
20160629, 010000, Bittrex, 0.00000246
20160629, 020000, Bittrex, 0.00000246
20160629, 030000, Bittrex, 0.00000231
20160629, 040000, Bittrex, 0.00000223
20160629, 050000, Bittrex, 0.00000223
20160629, 060000, Bittrex, 0.00000223
20160629, 070000, Bittrex, 0.00000223
20160629, 080000, Bittrex, 0.00000221
20160629, 090000, Bittrex, 0.00000221
20160629, 100000, Bittrex, 0.00000221
20160629, 110000, Bittrex, 0.00000221
20160629, 120000, Bittrex, 0.00000221
20160629, 130000, Bittrex, 0.00000221
20160629, 140000, Bittrex, 0.00000221
20160629, 150000, Bittrex, 0.00000221
20160629, 160000, Bittrex, 0.00000221
20160629, 170000, Bittrex, 0.00000221
20160629, 180000, Bittrex, 0.00000221
20160629, 190000, Bittrex, 0.00000221
20160629, 200000, Bittrex, 0.00000221
20160629, 210000, Bittrex, 0.00000220
20160629, 220000, Bittrex, 0.00000220
20160629, 230000, Bittrex, 0.00000220
20160630, 000000, Bittrex, 0.00000220
20160630, 010000, Bittrex, 0.00000220
20160630, 020000, Bittrex, 0.00000220
20160630, 030000, Bittrex, 0.00000221
20160630, 040000, Bittrex, 0.00000221
20160630, 050000, Bittrex, 0.00000221
20160630, 060000, Bittrex, 0.00000221
20160630, 070000, Bittrex, 0.00000221
20160630, 080000, Bittrex, 0.00000221
20160630, 090000, Bittrex, 0.00000221
20160630, 100000, Bittrex, 0.00000221
20160630, 110000, Bittrex, 0.00000221
20160630, 120000, Bittrex, 0.00000221
20160630, 130000, Bittrex, 0.00000221
20160630, 140000, Bittrex, 0.00000221
20160630, 150000, Bittrex, 0.00000221
20160630, 160000, Bittrex, 0.00000221
20160630, 170000, Bittrex, 0.00000221
20160630, 180000, Bittrex, 0.00000221
20160630, 190000, Bittrex, 0.00000221
20160630, 200000, Bittrex, 0.00000221
20160630, 210000, Bittrex, 0.00000221
20160630, 220000, Bittrex, 0.00000221
20160630, 230000, Bittrex, 0.00000221
20160701, 000000, Bittrex, 0.00000221
20160701, 010000, Bittrex, 0.00000221
20160701, 020000, Bittrex, 0.00000221
20160701, 030000, Bittrex, 0.00000221
20160701, 040000, Bittrex, 0.00000221
20160701, 050000, Bittrex, 0.00000221
20160701, 060000, Bittrex, 0.00000221
20160701, 070000, Bittrex, 0.00000221
20160701, 080000, Bittrex, 0.00000221
20160701, 090000, Bittrex, 0.00000221
20160701, 100000, Bittrex, 0.00000221
20160701, 110000, Bittrex, 0.00000221
20160701, 120000, Bittrex, 0.00000221
20160701, 130000, Bittrex, 0.00000221
20160701, 140000, Bittrex, 0.00000221
20160701, 150000, Bittrex, 0.00000221
20160701, 160000, Bittrex, 0.00000221
20160701, 170000, Bittrex, 0.00000221
20160701, 180000, Bittrex, 0.00000221
20160701, 190000, Bittrex, 0.00000237
20160701, 200000, Bittrex, 0.00000237
20160701, 210000, Bittrex, 0.00000237
20160701, 220000, Bittrex, 0.00000237
20160701, 230000, Bittrex, 0.00000237
20160702, 000000, Bittrex, 0.00000237
20160702, 010000, Bittrex, 0.00000237
20160702, 020000, Bittrex, 0.00000237
20160702, 030000, Bittrex, 0.00000237
20160702, 040000, Bittrex, 0.00000237
20160702, 050000, Bittrex, 0.00000237
20160702, 060000, Bittrex, 0.00000237
20160702, 070000, Bittrex, 0.00000237
20160702, 080000, Bittrex, 0.00000237
20160702, 090000, Bittrex, 0.00000237
20160702, 100000, Bittrex, 0.00000237
20160702, 110000, Bittrex, 0.00000237
20160702, 120000, Bittrex, 0.00000237
20160702, 130000, Bittrex, 0.00000237
20160702, 140000, Bittrex, 0.00000237
20160702, 150000, Bittrex, 0.00000237
20160702, 160000, Bittrex, 0.00000237
20160702, 170000, Bittrex, 0.00000237
20160702, 180000, Bittrex, 0.00000237
20160702, 190000, Bittrex, 0.00000237
20160702, 200000, Bittrex, 0.00000237
20160702, 210000, Bittrex, 0.00000237
20160702, 220000, Bittrex, 0.00000237
20160702, 230000, Bittrex, 0.00000237
20160703, 000000, Bittrex, 0.00000237
20160703, 010000, Bittrex, 0.00000237
20160703, 020000, Bittrex, 0.00000237
20160703, 030000, Bittrex, 0.00000237
20160703, 040000, Bittrex, 0.00000237
20160703, 050000, Bittrex, 0.00000237
20160703, 060000, Bittrex, 0.00000237
20160703, 070000, Bittrex, 0.00000237
20160703, 080000, Bittrex, 0.00000237
20160703, 090000, Bittrex, 0.00000237
20160703, 100000, Bittrex, 0.00000237
20160703, 110000, Bittrex, 0.00000237
20160703, 120000, Bittrex, 0.00000237
20160703, 130000, Bittrex, 0.00000237
20160703, 140000, Bittrex, 0.00000237
20160703, 150000, Bittrex, 0.00000237
20160703, 160000, Bittrex, 0.00000237
20160703, 170000, Bittrex, 0.00000231
20160703, 180000, Bittrex, 0.00000231
20160703, 190000, Bittrex, 0.00000231
20160703, 200000, Bittrex, 0.00000231
20160703, 210000, Bittrex, 0.00000231
20160703, 220000, Bittrex, 0.00000231
20160703, 230000, Bittrex, 0.00000231
20160704, 000000, Bittrex, 0.00000231
20160704, 010000, Bittrex, 0.00000231
20160704, 020000, Bittrex, 0.00000231
20160704, 030000, Bittrex, 0.00000231
20160704, 040000, Bittrex, 0.00000231
20160704, 050000, Bittrex, 0.00000231
20160704, 060000, Bittrex, 0.00000231
20160704, 070000, Bittrex, 0.00000231
20160704, 080000, Bittrex, 0.00000231
20160704, 090000, Bittrex, 0.00000231
20160704, 100000, Bittrex, 0.00000231
20160704, 110000, Bittrex, 0.00000227
20160704, 120000, Bittrex, 0.00000227
20160704, 130000, Bittrex, 0.00000227
20160704, 140000, Bittrex, 0.00000227
20160704, 150000, Bittrex, 0.00000227
20160704, 160000, Bittrex, 0.00000227
20160704, 170000, Bittrex, 0.00000227
20160704, 180000, Bittrex, 0.00000227
20160704, 190000, Bittrex, 0.00000227
20160704, 200000, Bittrex, 0.00000227
20160704, 210000, Bittrex, 0.00000227
20160704, 220000, Bittrex, 0.00000227
20160704, 230000, Bittrex, 0.00000240
20160705, 000000, Bittrex, 0.00000240
20160705, 010000, Bittrex, 0.00000240
20160705, 020000, Bittrex, 0.00000240
20160705, 030000, Bittrex, 0.00000240
20160705, 040000, Bittrex, 0.00000240
20160705, 050000, Bittrex, 0.00000240
20160705, 060000, Bittrex, 0.00000240
20160705, 070000, Bittrex, 0.00000238
20160705, 080000, Bittrex, 0.00000238
20160705, 090000, Bittrex, 0.00000238
20160705, 100000, Bittrex, 0.00000238
20160705, 110000, Bittrex, 0.00000238
20160705, 120000, Bittrex, 0.00000238
20160705, 130000, Bittrex, 0.00000238
20160705, 140000, Bittrex, 0.00000238
20160705, 150000, Bittrex, 0.00000238
20160705, 160000, Bittrex, 0.00000238
20160705, 170000, Bittrex, 0.00000238
20160705, 180000, Bittrex, 0.00000238
20160705, 190000, Bittrex, 0.00000238
20160705, 200000, Bittrex, 0.00000238
20160705, 210000, Bittrex, 0.00000238
20160705, 220000, Bittrex, 0.00000238
20160705, 230000, Bittrex, 0.00000238
20160706, 000000, Bittrex, 0.00000238
20160706, 010000, Bittrex, 0.00000238
20160706, 020000, Bittrex, 0.00000238
20160706, 030000, Bittrex, 0.00000238
20160706, 040000, Bittrex, 0.00000238
20160706, 050000, Bittrex, 0.00000238
20160706, 060000, Bittrex, 0.00000230
20160706, 070000, Bittrex, 0.00000230
20160706, 080000, Bittrex, 0.00000240
20160706, 090000, Bittrex, 0.00000240
20160706, 100000, Bittrex, 0.00000240
20160706, 110000, Bittrex, 0.00000240
20160706, 120000, Bittrex, 0.00000229
20160706, 130000, Bittrex, 0.00000229
20160706, 140000, Bittrex, 0.00000229
20160706, 150000, Bittrex, 0.00000229
20160706, 160000, Bittrex, 0.00000229
20160706, 170000, Bittrex, 0.00000229
20160706, 180000, Bittrex, 0.00000229
20160706, 190000, Bittrex, 0.00000229
20160706, 200000, Bittrex, 0.00000229
20160706, 210000, Bittrex, 0.00000229
20160706, 220000, Bittrex, 0.00000229
20160706, 230000, Bittrex, 0.00000229
20160707, 000000, Bittrex, 0.00000229
20160707, 010000, Bittrex, 0.00000229
20160707, 020000, Bittrex, 0.00000229
20160707, 030000, Bittrex, 0.00000229
20160707, 040000, Bittrex, 0.00000229
20160707, 050000, Bittrex, 0.00000229
20160707, 060000, Bittrex, 0.00000229
20160707, 070000, Bittrex, 0.00000229
20160707, 080000, Bittrex, 0.00000229
20160707, 090000, Bittrex, 0.00000229
20160707, 100000, Bittrex, 0.00000229
20160707, 110000, Bittrex, 0.00000229
20160707, 120000, Bittrex, 0.00000229
20160707, 130000, Bittrex, 0.00000229
20160707, 140000, Bittrex, 0.00000229
20160707, 150000, Bittrex, 0.00000229
20160707, 160000, Bittrex, 0.00000229
20160707, 170000, Bittrex, 0.00000229
20160707, 180000, Bittrex, 0.00000229
20160707, 190000, Bittrex, 0.00000229
20160707, 200000, Bittrex, 0.00000229
20160707, 210000, Bittrex, 0.00000229
20160707, 220000, Bittrex, 0.00000239
20160707, 230000, Bittrex, 0.00000239
20160708, 000000, Bittrex, 0.00000239
20160708, 010000, Bittrex, 0.00000239
20160708, 020000, Bittrex, 0.00000240
20160708, 030000, Bittrex, 0.00000240
20160708, 040000, Bittrex, 0.00000240
20160708, 050000, Bittrex, 0.00000240
20160708, 060000, Bittrex, 0.00000240
20160708, 070000, Bittrex, 0.00000240
20160708, 080000, Bittrex, 0.00000240
20160708, 090000, Bittrex, 0.00000240
20160708, 100000, Bittrex, 0.00000240
20160708, 110000, Bittrex, 0.00000240
20160708, 120000, Bittrex, 0.00000240
20160708, 130000, Bittrex, 0.00000240
20160708, 140000, Bittrex, 0.00000240
20160708, 150000, Bittrex, 0.00000240
20160708, 160000, Bittrex, 0.00000240
20160708, 170000, Bittrex, 0.00000240
20160708, 180000, Bittrex, 0.00000240
20160708, 190000, Bittrex, 0.00000240
20160708, 200000, Bittrex, 0.00000240
20160708, 210000, Bittrex, 0.00000240
20160708, 220000, Bittrex, 0.00000240
20160708, 230000, Bittrex, 
20160709, 000000, Bittrex, 0.00000240
20160709, 010000, Bittrex, 0.00000240
20160709, 020000, Bittrex, 0.00000240
20160709, 030000, Bittrex, 0.00000240
20160709, 040000, Bittrex, 0.00000240
20160709, 050000, Bittrex, 0.00000246
20160709, 060000, Bittrex, 0.00000246
20160709, 070000, Bittrex, 0.00000246
20160709, 080000, Bittrex, 0.00000246
20160709, 090000, Bittrex, 0.00000246
20160709, 100000, Bittrex, 
20160709, 110000, Bittrex, 0.00000246
20160709, 120000, Bittrex, 0.00000246
20160709, 130000, Bittrex, 0.00000246
20160709, 140000, Bittrex, 0.00000246
20160709, 150000, Bittrex, 0.00000246
20160709, 160000, Bittrex, 0.00000246
20160709, 170000, Bittrex, 0.00000246
20160709, 180000, Bittrex, 0.00000246
20160709, 190000, Bittrex, 0.00000240
20160709, 200000, Bittrex, 0.00000240
20160709, 210000, Bittrex, 0.00000240
20160709, 220000, Bittrex, 0.00000240
20160709, 230000, Bittrex, 0.00000240
20160710, 000000, Bittrex, 0.00000240
20160710, 010000, Bittrex, 0.00000240
20160710, 020000, Bittrex, 0.00000240
20160710, 030000, Bittrex, 0.00000246
20160710, 040000, Bittrex, 0.00000246
20160710, 050000, Bittrex, 0.00000246
20160710, 060000, Bittrex, 0.00000246
20160710, 070000, Bittrex, 0.00000246
20160710, 080000, Bittrex, 0.00000246
20160710, 090000, Bittrex, 0.00000246
20160710, 100000, Bittrex, 0.00000246
20160710, 110000, Bittrex, 0.00000246
20160710, 120000, Bittrex, 0.00000246
20160710, 130000, Bittrex, 0.00000246
20160710, 140000, Bittrex, 0.00000246
20160710, 150000, Bittrex, 0.00000246
20160710, 160000, Bittrex, 0.00000246
20160710, 170000, Bittrex, 0.00000246
20160710, 180000, Bittrex, 0.00000246
20160710, 190000, Bittrex, 0.00000246
20160710, 200000, Bittrex, 0.00000246
20160710, 210000, Bittrex, 0.00000246
20160710, 220000, Bittrex, 0.00000246
20160710, 230000, Bittrex, 0.00000246
20160711, 000000, Bittrex, 0.00000246
20160711, 010000, Bittrex, 0.00000246
20160711, 020000, Bittrex, 0.00000246
20160711, 030000, Bittrex, 0.00000246
20160711, 040000, Bittrex, 0.00000246
20160711, 050000, Bittrex, 0.00000246
20160711, 060000, Bittrex, 0.00000246
20160711, 070000, Bittrex, 0.00000246
20160711, 080000, Bittrex, 0.00000246
20160711, 090000, Bittrex, 0.00000240
20160711, 100000, Bittrex, 0.00000240
20160711, 110000, Bittrex, 0.00000240
20160711, 120000, Bittrex, 0.00000240
20160711, 130000, Bittrex, 0.00000244
20160711, 140000, Bittrex, 0.00000244
20160711, 150000, Bittrex, 0.00000244
20160711, 160000, Bittrex, 0.00000244
20160711, 170000, Bittrex, 0.00000244
20160711, 180000, Bittrex, 0.00000244
20160711, 190000, Bittrex, 0.00000244
20160711, 200000, Bittrex, 0.00000244
20160711, 210000, Bittrex, 0.00000244
20160711, 220000, Bittrex, 0.00000244
20160711, 230000, Bittrex, 0.00000244
20160712, 000000, Bittrex, 0.00000244
20160712, 010000, Bittrex, 0.00000244
20160712, 020000, Bittrex, 0.00000244
20160712, 030000, Bittrex, 0.00000244
20160712, 040000, Bittrex, 0.00000244
20160712, 050000, Bittrex, 0.00000244
20160712, 060000, Bittrex, 0.00000244
20160712, 070000, Bittrex, 0.00000244
20160712, 080000, Bittrex, 0.00000244
20160712, 090000, Bittrex, 0.00000244
20160712, 100000, Bittrex, 0.00000244
20160712, 110000, Bittrex, 0.00000244
20160712, 120000, Bittrex, 0.00000244
20160712, 130000, Bittrex, 0.00000240
20160712, 140000, Bittrex, 0.00000240
20160712, 150000, Bittrex, 0.00000240
20160712, 160000, Bittrex, 0.00000240
20160712, 170000, Bittrex, 0.00000240
20160712, 180000, Bittrex, 0.00000240
20160712, 190000, Bittrex, 0.00000240
20160712, 200000, Bittrex, 0.00000240
20160712, 210000, Bittrex, 0.00000240
20160712, 220000, Bittrex, 0.00000240
20160712, 230000, Bittrex, 0.00000240
20160713, 000000, Bittrex, 0.00000240
20160713, 010000, Bittrex, 0.00000240
20160713, 020000, Bittrex, 0.00000240
20160713, 030000, Bittrex, 0.00000240
20160713, 040000, Bittrex, 0.00000240
20160713, 050000, Bittrex, 0.00000240
20160713, 060000, Bittrex, 
20160713, 070000, Bittrex, 0.00000240
20160713, 080000, Bittrex, 0.00000240
20160713, 090000, Bittrex, 0.00000240
20160713, 100000, Bittrex, 0.00000240
20160713, 110000, Bittrex, 0.00000240
20160713, 120000, Bittrex, 0.00000240
20160713, 130000, Bittrex, 0.00000240
20160713, 140000, Bittrex, 0.00000240
20160713, 150000, Bittrex, 0.00000240
20160713, 160000, Bittrex, 0.00000240
20160713, 170000, Bittrex, 0.00000240
20160713, 180000, Bittrex, 0.00000240
20160713, 190000, Bittrex, 0.00000240
20160713, 200000, Bittrex, 0.00000250
20160713, 210000, Bittrex, 0.00000250
20160713, 220000, Bittrex, 0.00000250
20160713, 230000, Bittrex, 0.00000250
20160714, 000000, Bittrex, 0.00000250
20160714, 010000, Bittrex, 0.00000250
20160714, 020000, Bittrex, 0.00000250
20160714, 030000, Bittrex, 0.00000240
20160714, 040000, Bittrex, 0.00000240
20160714, 050000, Bittrex, 0.00000240
20160714, 060000, Bittrex, 0.00000240
20160714, 070000, Bittrex, 0.00000240
20160714, 080000, Bittrex, 0.00000240
20160714, 090000, Bittrex, 0.00000240
20160714, 100000, Bittrex, 0.00000240
20160714, 110000, Bittrex, 0.00000240
20160714, 120000, Bittrex, 0.00000240
20160714, 130000, Bittrex, 0.00000240
20160714, 140000, Bittrex, 0.00000240
20160714, 150000, Bittrex, 0.00000240
20160714, 160000, Bittrex, 0.00000240
20160714, 170000, Bittrex, 0.00000240
20160714, 180000, Bittrex, 0.00000240
20160714, 190000, Bittrex, 0.00000240
20160714, 200000, Bittrex, 0.00000240
20160714, 210000, Bittrex, 0.00000240
20160714, 220000, Bittrex, 0.00000240
20160714, 230000, Bittrex, 0.00000240
20160715, 000000, Bittrex, 0.00000248
20160715, 010000, Bittrex, 0.00000248
20160715, 020000, Bittrex, 0.00000248
20160715, 030000, Bittrex, 0.00000248
20160715, 040000, Bittrex, 0.00000241
20160715, 050000, Bittrex, 0.00000241
20160715, 060000, Bittrex, 0.00000241
20160715, 070000, Bittrex, 0.00000241
20160715, 080000, Bittrex, 0.00000241
20160715, 090000, Bittrex, 0.00000257
20160715, 100000, Bittrex, 0.00000257
20160715, 110000, Bittrex, 0.00000261
20160715, 120000, Bittrex, 0.00000273
20160715, 130000, Bittrex, 0.00000273
20160715, 140000, Bittrex, 0.00000260
20160715, 150000, Bittrex, 0.00000260
20160715, 160000, Bittrex, 0.00000260
20160715, 170000, Bittrex, 0.00000260
20160715, 180000, Bittrex, 0.00000260
20160715, 190000, Bittrex, 0.00000260
20160715, 200000, Bittrex, 0.00000260
20160715, 210000, Bittrex, 0.00000260
20160715, 220000, Bittrex, 0.00000260
20160715, 230000, Bittrex, 0.00000260
20160716, 000000, Bittrex, 0.00000260
20160716, 010000, Bittrex, 0.00000260
20160716, 020000, Bittrex, 0.00000260
20160716, 030000, Bittrex, 0.00000260
20160716, 040000, Bittrex, 0.00000260
20160716, 050000, Bittrex, 0.00000260
20160716, 060000, Bittrex, 0.00000261
20160716, 070000, Bittrex, 0.00000261
20160716, 080000, Bittrex, 0.00000261
20160716, 090000, Bittrex, 0.00000261
20160716, 100000, Bittrex, 0.00000261
20160716, 110000, Bittrex, 0.00000261
20160716, 120000, Bittrex, 0.00000261
20160716, 130000, Bittrex, 0.00000261
20160716, 140000, Bittrex, 0.00000261
20160716, 150000, Bittrex, 0.00000261
20160716, 160000, Bittrex, 0.00000261
20160716, 170000, Bittrex, 0.00000261
20160716, 180000, Bittrex, 0.00000261
20160716, 190000, Bittrex, 0.00000261
20160716, 200000, Bittrex, 0.00000261
20160716, 210000, Bittrex, 0.00000261
20160716, 220000, Bittrex, 0.00000261
20160716, 230000, Bittrex, 0.00000320
20160717, 000000, Bittrex, 0.00000320
20160717, 010000, Bittrex, 0.00000282
20160717, 020000, Bittrex, 0.00000282
20160717, 030000, Bittrex, 0.00000282
20160717, 040000, Bittrex, 0.00000282
20160717, 050000, Bittrex, 0.00000319
20160717, 060000, Bittrex, 0.00000319
20160717, 070000, Bittrex, 0.00000297
20160717, 080000, Bittrex, 0.00000297
20160717, 090000, Bittrex, 0.00000297
20160717, 100000, Bittrex, 0.00000297
20160717, 110000, Bittrex, 0.00000297
20160717, 120000, Bittrex, 0.00000297
20160717, 130000, Bittrex, 0.00000297
20160717, 140000, Bittrex, 0.00000297
20160717, 150000, Bittrex, 0.00000297
20160717, 160000, Bittrex, 0.00000297
20160717, 170000, Bittrex, 0.00000297
20160717, 180000, Bittrex, 0.00000297
20160717, 190000, Bittrex, 0.00000297
20160717, 200000, Bittrex, 0.00000316
20160717, 210000, Bittrex, 0.00000317
20160717, 220000, Bittrex, 0.00000317
20160717, 230000, Bittrex, 0.00000317
20160718, 000000, Bittrex, 0.00000317
20160718, 010000, Bittrex, 0.00000317
20160718, 020000, Bittrex, 0.00000317
20160718, 030000, Bittrex, 0.00000317
20160718, 040000, Bittrex, 0.00000317
20160718, 050000, Bittrex, 0.00000317
20160718, 060000, Bittrex, 0.00000317
20160718, 070000, Bittrex, 0.00000317
20160718, 080000, Bittrex, 
20160718, 090000, Bittrex, 0.00000299
20160718, 100000, Bittrex, 0.00000299
20160718, 110000, Bittrex, 0.00000299
20160718, 120000, Bittrex, 0.00000299
20160718, 130000, Bittrex, 0.00000299
20160718, 140000, Bittrex, 0.00000299
20160718, 150000, Bittrex, 0.00000299
20160718, 160000, Bittrex, 0.00000299
20160718, 170000, Bittrex, 0.00000299
20160718, 180000, Bittrex, 0.00000299
20160718, 190000, Bittrex, 0.00000299
20160718, 200000, Bittrex, 0.00000299
20160718, 210000, Bittrex, 0.00000316
20160718, 220000, Bittrex, 0.00000320
20160718, 230000, Bittrex, 0.00000320
20160719, 000000, Bittrex, 0.00000311
20160719, 010000, Bittrex, 0.00000311
20160719, 020000, Bittrex, 0.00000311
20160719, 030000, Bittrex, 0.00000311
20160719, 040000, Bittrex, 0.00000311
20160719, 050000, Bittrex, 0.00000311
20160719, 060000, Bittrex, 0.00000311
20160719, 070000, Bittrex, 0.00000311
20160719, 080000, Bittrex, 0.00000311
20160719, 090000, Bittrex, 0.00000311
20160719, 100000, Bittrex, 0.00000317
20160719, 110000, Bittrex, 0.00000320
20160719, 120000, Bittrex, 0.00000320
20160719, 130000, Bittrex, 0.00000320
20160719, 140000, Bittrex, 0.00000320
20160719, 150000, Bittrex, 0.00000320
20160719, 160000, Bittrex, 0.00000320
20160719, 170000, Bittrex, 0.00000320
20160719, 180000, Bittrex, 0.00000320
20160719, 190000, Bittrex, 0.00000320
20160719, 200000, Bittrex, 0.00000320
20160719, 210000, Bittrex, 0.00000320
20160719, 220000, Bittrex, 0.00000320
20160719, 230000, Bittrex, 0.00000320
20160720, 000000, Bittrex, 0.00000320
20160720, 010000, Bittrex, 0.00000320
20160720, 020000, Bittrex, 0.00000320
20160720, 030000, Bittrex, 0.00000320
20160720, 040000, Bittrex, 0.00000320
20160720, 050000, Bittrex, 0.00000312
20160720, 060000, Bittrex, 0.00000312
20160720, 070000, Bittrex, 0.00000312
20160720, 080000, Bittrex, 0.00000312
20160720, 090000, Bittrex, 0.00000312
20160720, 100000, Bittrex, 0.00000312
20160720, 110000, Bittrex, 0.00000312
20160720, 120000, Bittrex, 0.00000312
20160720, 130000, Bittrex, 0.00000287
20160720, 140000, Bittrex, 0.00000287
20160720, 150000, Bittrex, 0.00000287
20160720, 160000, Bittrex, 0.00000290
20160720, 170000, Bittrex, 0.00000290
20160720, 180000, Bittrex, 0.00000290
20160720, 190000, Bittrex, 0.00000290
20160720, 200000, Bittrex, 0.00000290
20160720, 210000, Bittrex, 0.00000290
20160720, 220000, Bittrex, 0.00000290
20160720, 230000, Bittrex, 0.00000290
20160721, 000000, Bittrex, 0.00000290
20160721, 010000, Bittrex, 0.00000290
20160721, 020000, Bittrex, 0.00000290
20160721, 030000, Bittrex, 0.00000290
20160721, 040000, Bittrex, 0.00000290
20160721, 050000, Bittrex, 0.00000290
20160721, 060000, Bittrex, 0.00000290
20160721, 070000, Bittrex, 0.00000290
20160721, 080000, Bittrex, 0.00000290
20160721, 090000, Bittrex, 0.00000290
20160721, 100000, Bittrex, 0.00000290
20160721, 110000, Bittrex, 0.00000290
20160721, 120000, Bittrex, 0.00000290
20160721, 130000, Bittrex, 0.00000290
20160721, 140000, Bittrex, 0.00000290
20160721, 150000, Bittrex, 0.00000290
20160721, 160000, Bittrex, 0.00000290
20160721, 170000, Bittrex, 0.00000290
20160721, 180000, Bittrex, 0.00000290
20160721, 190000, Bittrex, 0.00000290
20160721, 200000, Bittrex, 0.00000290
20160721, 210000, Bittrex, 0.00000290
20160721, 220000, Bittrex, 0.00000290
20160721, 230000, Bittrex, 0.00000290
20160722, 000000, Bittrex, 0.00000290
20160722, 010000, Bittrex, 0.00000290
20160722, 020000, Bittrex, 0.00000290
20160722, 030000, Bittrex, 0.00000275
20160722, 040000, Bittrex, 0.00000275
20160722, 050000, Bittrex, 0.00000275
20160722, 060000, Bittrex, 0.00000275
20160722, 070000, Bittrex, 0.00000278
20160722, 080000, Bittrex, 0.00000278
20160722, 090000, Bittrex, 0.00000278
20160722, 100000, Bittrex, 0.00000278
20160722, 110000, Bittrex, 0.00000278
20160722, 120000, Bittrex, 0.00000278
20160722, 130000, Bittrex, 0.00000278
20160722, 140000, Bittrex, 0.00000278
20160722, 150000, Bittrex, 0.00000278
20160722, 160000, Bittrex, 0.00000278
20160722, 170000, Bittrex, 0.00000278
20160722, 180000, Bittrex, 0.00000278
20160722, 190000, Bittrex, 0.00000278
20160722, 200000, Bittrex, 0.00000278
20160722, 210000, Bittrex, 0.00000278
20160722, 220000, Bittrex, 0.00000278
20160722, 230000, Bittrex, 0.00000278
20160723, 000000, Bittrex, 0.00000276
20160723, 010000, Bittrex, 0.00000276
20160723, 020000, Bittrex, 0.00000276
20160723, 030000, Bittrex, 0.00000276
20160723, 040000, Bittrex, 0.00000276
20160723, 050000, Bittrex, 0.00000276
20160723, 060000, Bittrex, 0.00000276
20160723, 070000, Bittrex, 0.00000276
20160723, 080000, Bittrex, 0.00000276
20160723, 090000, Bittrex, 0.00000276
20160723, 100000, Bittrex, 0.00000276
20160723, 110000, Bittrex, 0.00000276
20160723, 120000, Bittrex, 0.00000276
20160723, 130000, Bittrex, 0.00000276
20160723, 140000, Bittrex, 0.00000276
20160723, 150000, Bittrex, 0.00000276
20160723, 160000, Bittrex, 0.00000276
20160723, 170000, Bittrex, 0.00000276
20160723, 180000, Bittrex, 0.00000276
20160723, 190000, Bittrex, 0.00000276
20160723, 200000, Bittrex, 0.00000276
20160723, 210000, Bittrex, 0.00000276
20160723, 220000, Bittrex, 0.00000276
20160723, 230000, Bittrex, 0.00000276
20160724, 000000, Bittrex, 0.00000276
20160724, 010000, Bittrex, 0.00000276
20160724, 020000, Bittrex, 0.00000276
20160724, 030000, Bittrex, 0.00000276
20160724, 040000, Bittrex, 0.00000276
20160724, 050000, Bittrex, 0.00000276
20160724, 060000, Bittrex, 0.00000276
20160724, 070000, Bittrex, 0.00000276
20160724, 080000, Bittrex, 0.00000276
20160724, 090000, Bittrex, 0.00000276
20160724, 100000, Bittrex, 0.00000276
20160724, 110000, Bittrex, 0.00000276
20160724, 120000, Bittrex, 0.00000276
20160724, 130000, Bittrex, 0.00000276
20160724, 140000, Bittrex, 0.00000276
20160724, 150000, Bittrex, 0.00000276
20160724, 160000, Bittrex, 0.00000276
20160724, 170000, Bittrex, 0.00000276
20160724, 180000, Bittrex, 0.00000276
20160724, 190000, Bittrex, 0.00000276
20160724, 200000, Bittrex, 0.00000276
20160724, 210000, Bittrex, 0.00000276
20160724, 220000, Bittrex, 0.00000276
20160724, 230000, Bittrex, 0.00000276
20160725, 000000, Bittrex, 0.00000276
20160725, 010000, Bittrex, 0.00000276
20160725, 020000, Bittrex, 0.00000276
20160725, 030000, Bittrex, 0.00000276
20160725, 040000, Bittrex, 0.00000276
20160725, 050000, Bittrex, 0.00000276
20160725, 060000, Bittrex, 0.00000276
20160725, 070000, Bittrex, 0.00000275
20160725, 080000, Bittrex, 0.00000275
20160725, 090000, Bittrex, 0.00000275
20160725, 100000, Bittrex, 0.00000275
20160725, 110000, Bittrex, 0.00000275
20160725, 120000, Bittrex, 0.00000275
20160725, 130000, Bittrex, 0.00000275
20160725, 140000, Bittrex, 0.00000275
20160725, 150000, Bittrex, 0.00000275
20160725, 160000, Bittrex, 0.00000275
20160725, 170000, Bittrex, 0.00000275
20160725, 180000, Bittrex, 0.00000275
20160725, 190000, Bittrex, 0.00000275
20160725, 200000, Bittrex, 0.00000275
20160725, 210000, Bittrex, 0.00000275
20160725, 220000, Bittrex, 0.00000275
20160725, 230000, Bittrex, 0.00000275
20160726, 000000, Bittrex, 0.00000275
20160726, 010000, Bittrex, 0.00000275
20160726, 020000, Bittrex, 0.00000275
20160726, 030000, Bittrex, 0.00000275
20160726, 040000, Bittrex, 0.00000275
20160726, 050000, Bittrex, 0.00000275
20160726, 060000, Bittrex, 0.00000275
20160726, 070000, Bittrex, 0.00000275
20160726, 080000, Bittrex, 0.00000275
20160726, 090000, Bittrex, 0.00000275
20160726, 100000, Bittrex, 0.00000275
20160726, 110000, Bittrex, 0.00000275
20160726, 120000, Bittrex, 0.00000275
20160726, 130000, Bittrex, 0.00000275
20160726, 140000, Bittrex, 0.00000275
20160726, 150000, Bittrex, 0.00000275
20160726, 160000, Bittrex, 0.00000275
20160726, 170000, Bittrex, 0.00000274
20160726, 180000, Bittrex, 0.00000274
20160726, 190000, Bittrex, 0.00000274
20160726, 200000, Bittrex, 0.00000274
20160726, 210000, Bittrex, 0.00000274
20160726, 220000, Bittrex, 0.00000274
20160726, 230000, Bittrex, 0.00000274
20160727, 000000, Bittrex, 0.00000274
20160727, 010000, Bittrex, 0.00000274
20160727, 020000, Bittrex, 0.00000274
20160727, 030000, Bittrex, 0.00000274
20160727, 040000, Bittrex, 0.00000274
20160727, 050000, Bittrex, 0.00000274
20160727, 060000, Bittrex, 0.00000284
20160727, 070000, Bittrex, 0.00000284
20160727, 080000, Bittrex, 0.00000284
20160727, 090000, Bittrex, 0.00000284
20160727, 100000, Bittrex, 0.00000284
20160727, 110000, Bittrex, 0.00000284
20160727, 120000, Bittrex, 0.00000284
20160727, 130000, Bittrex, 0.00000284
20160727, 140000, Bittrex, 0.00000284
20160727, 150000, Bittrex, 0.00000284
20160727, 160000, Bittrex, 0.00000284
20160727, 170000, Bittrex, 0.00000284
20160727, 180000, Bittrex, 0.00000284
20160727, 190000, Bittrex, 0.00000284
20160727, 200000, Bittrex, 0.00000284
20160727, 210000, Bittrex, 0.00000284
20160727, 220000, Bittrex, 0.00000284
20160727, 230000, Bittrex, 0.00000284
20160728, 000000, Bittrex, 0.00000284
20160728, 010000, Bittrex, 0.00000284
20160728, 020000, Bittrex, 0.00000284
20160728, 030000, Bittrex, 0.00000284
20160728, 040000, Bittrex, 0.00000284
20160728, 050000, Bittrex, 0.00000284
20160728, 060000, Bittrex, 0.00000284
20160728, 070000, Bittrex, 0.00000284
20160728, 080000, Bittrex, 0.00000284
20160728, 090000, Bittrex, 0.00000284
20160728, 100000, Bittrex, 0.00000284
20160728, 110000, Bittrex, 0.00000274
20160728, 120000, Bittrex, 0.00000274
20160728, 130000, Bittrex, 0.00000274
20160728, 140000, Bittrex, 0.00000274
20160728, 150000, Bittrex, 0.00000274
20160728, 160000, Bittrex, 0.00000274
20160728, 170000, Bittrex, 0.00000274
20160728, 180000, Bittrex, 0.00000274
20160728, 190000, Bittrex, 0.00000274
20160728, 200000, Bittrex, 0.00000274
20160728, 210000, Bittrex, 0.00000274
20160728, 220000, Bittrex, 0.00000274
20160728, 230000, Bittrex, 0.00000262
20160729, 000000, Bittrex, 0.00000262
20160729, 010000, Bittrex, 0.00000258
20160729, 020000, Bittrex, 0.00000258
20160729, 030000, Bittrex, 0.00000258
20160729, 040000, Bittrex, 0.00000258
20160729, 050000, Bittrex, 0.00000258
20160729, 060000, Bittrex, 0.00000258
20160729, 070000, Bittrex, 0.00000258
20160729, 080000, Bittrex, 0.00000258
20160729, 090000, Bittrex, 0.00000269
20160729, 100000, Bittrex, 0.00000269
20160729, 110000, Bittrex, 0.00000269
20160729, 120000, Bittrex, 0.00000269
20160729, 130000, Bittrex, 0.00000269
20160729, 140000, Bittrex, 0.00000269
20160729, 150000, Bittrex, 0.00000269
20160729, 160000, Bittrex, 0.00000269
20160729, 170000, Bittrex, 0.00000258
20160729, 180000, Bittrex, 0.00000258
20160729, 190000, Bittrex, 0.00000258
20160729, 200000, Bittrex, 0.00000258
20160729, 210000, Bittrex, 
20160729, 220000, Bittrex, 0.00000258
20160729, 230000, Bittrex, 0.00000258
20160730, 000000, Bittrex, 0.00000258
20160730, 010000, Bittrex, 
20160730, 020000, Bittrex, 0.00000258
20160730, 030000, Bittrex, 0.00000258
20160730, 040000, Bittrex, 0.00000258
20160730, 050000, Bittrex, 0.00000258
20160730, 060000, Bittrex, 0.00000258
20160730, 070000, Bittrex, 0.00000258
20160730, 080000, Bittrex, 0.00000258
20160730, 090000, Bittrex, 0.00000258
20160730, 100000, Bittrex, 0.00000258
20160730, 110000, Bittrex, 0.00000258
20160730, 120000, Bittrex, 0.00000258
20160730, 130000, Bittrex, 0.00000258
20160730, 140000, Bittrex, 0.00000258
20160730, 150000, Bittrex, 0.00000258
20160730, 160000, Bittrex, 0.00000258
20160730, 170000, Bittrex, 0.00000258
20160730, 180000, Bittrex, 0.00000258
20160730, 190000, Bittrex, 0.00000258
20160730, 200000, Bittrex, 0.00000258
20160730, 210000, Bittrex, 0.00000258
20160730, 220000, Bittrex, 0.00000258
20160730, 230000, Bittrex, 0.00000258
20160731, 000000, Bittrex, 0.00000258
20160731, 010000, Bittrex, 0.00000258
20160731, 020000, Bittrex, 0.00000258
20160731, 030000, Bittrex, 0.00000258
20160731, 040000, Bittrex, 0.00000258
20160731, 050000, Bittrex, 0.00000258
20160731, 060000, Bittrex, 0.00000258
20160731, 070000, Bittrex, 0.00000258
20160731, 080000, Bittrex, 0.00000258
20160731, 090000, Bittrex, 0.00000258
20160731, 100000, Bittrex, 0.00000258
20160731, 110000, Bittrex, 0.00000258
20160731, 120000, Bittrex, 0.00000258
20160731, 130000, Bittrex, 0.00000258
20160731, 140000, Bittrex, 0.00000258
20160731, 150000, Bittrex, 0.00000258
20160731, 160000, Bittrex, 0.00000258
20160731, 170000, Bittrex, 0.00000258
20160731, 180000, Bittrex, 0.00000258
20160731, 190000, Bittrex, 0.00000258
20160731, 200000, Bittrex, 0.00000258
20160731, 210000, Bittrex, 0.00000258
20160731, 220000, Bittrex, 0.00000258
20160731, 230000, Bittrex, 0.00000258
20160801, 000000, Bittrex, 0.00000258
20160801, 010000, Bittrex, 0.00000258
20160801, 020000, Bittrex, 0.00000258
20160801, 030000, Bittrex, 0.00000258
20160801, 040000, Bittrex, 0.00000258
20160801, 050000, Bittrex, 0.00000258
20160801, 060000, Bittrex, 0.00000258
20160801, 070000, Bittrex, 0.00000258
20160801, 080000, Bittrex, 0.00000258
20160801, 090000, Bittrex, 0.00000258
20160801, 100000, Bittrex, 0.00000258
20160801, 110000, Bittrex, 0.00000260
20160801, 120000, Bittrex, 0.00000260
20160801, 130000, Bittrex, 0.00000260
20160801, 140000, Bittrex, 0.00000260
20160801, 150000, Bittrex, 0.00000398
20160801, 160000, Bittrex, 0.00000399
20160801, 170000, Bittrex, 0.00000399
20160801, 180000, Bittrex, 0.00000345
20160801, 190000, Bittrex, 0.00000345
20160801, 200000, Bittrex, 0.00000347
20160801, 210000, Bittrex, 0.00000347
20160801, 220000, Bittrex, 0.00000347
20160801, 230000, Bittrex, 0.00000347
20160802, 000000, Bittrex, 0.00000332
20160802, 010000, Bittrex, 0.00000332
20160802, 020000, Bittrex, 0.00000332
20160802, 030000, Bittrex, 0.00000332
20160802, 040000, Bittrex, 0.00000332
20160802, 050000, Bittrex, 0.00000332
20160802, 060000, Bittrex, 0.00000332
20160802, 070000, Bittrex, 0.00000332
20160802, 080000, Bittrex, 0.00000332
20160802, 090000, Bittrex, 0.00000332
20160802, 100000, Bittrex, 0.00000332
20160802, 110000, Bittrex, 0.00000332
20160802, 120000, Bittrex, 0.00000332
20160802, 130000, Bittrex, 0.00000332
20160802, 140000, Bittrex, 0.00000332
20160802, 150000, Bittrex, 0.00000332
20160802, 160000, Bittrex, 0.00000332
20160802, 170000, Bittrex, 0.00000332
20160802, 180000, Bittrex, 0.00000332
20160802, 190000, Bittrex, 0.00000332
20160802, 200000, Bittrex, 0.00000332
20160802, 210000, Bittrex, 0.00000332
20160802, 220000, Bittrex, 0.00000332
20160802, 230000, Bittrex, 0.00000332
20160803, 000000, Bittrex, 0.00000332
20160803, 010000, Bittrex, 0.00000332
20160803, 020000, Bittrex, 0.00000332
20160803, 030000, Bittrex, 0.00000332
20160803, 040000, Bittrex, 0.00000332
20160803, 050000, Bittrex, 0.00000332
20160803, 060000, Bittrex, 0.00000332
20160803, 070000, Bittrex, 0.00000332
20160803, 080000, Bittrex, 0.00000332
20160803, 090000, Bittrex, 0.00000332
20160803, 100000, Bittrex, 0.00000332
20160803, 110000, Bittrex, 0.00000332
20160803, 120000, Bittrex, 0.00000332
20160803, 130000, Bittrex, 0.00000332
20160803, 140000, Bittrex, 0.00000332
20160803, 150000, Bittrex, 0.00000332
20160803, 160000, Bittrex, 0.00000332
20160803, 170000, Bittrex, 0.00000332
20160803, 180000, Bittrex, 0.00000332
20160803, 190000, Bittrex, 0.00000332
20160803, 200000, Bittrex, 0.00000332
20160803, 210000, Bittrex, 0.00000332
20160803, 220000, Bittrex, 0.00000332
20160803, 230000, Bittrex, 0.00000332
20160804, 000000, Bittrex, 0.00000332
20160804, 010000, Bittrex, 0.00000332
20160804, 020000, Bittrex, 0.00000332
20160804, 030000, Bittrex, 0.00000332
20160804, 040000, Bittrex, 0.00000332
20160804, 050000, Bittrex, 0.00000332
20160804, 060000, Bittrex, 0.00000332
20160804, 070000, Bittrex, 0.00000332
20160804, 080000, Bittrex, 0.00000332
20160804, 090000, Bittrex, 0.00000332
20160804, 100000, Bittrex, 0.00000332
20160804, 110000, Bittrex, 0.00000332
20160804, 120000, Bittrex, 0.00000332
20160804, 130000, Bittrex, 0.00000332
20160804, 140000, Bittrex, 0.00000305
20160804, 150000, Bittrex, 0.00000305
20160804, 160000, Bittrex, 0.00000305
20160804, 170000, Bittrex, 0.00000305
20160804, 180000, Bittrex, 0.00000305
20160804, 190000, Bittrex, 0.00000305
20160804, 200000, Bittrex, 0.00000305
20160804, 210000, Bittrex, 0.00000305
20160804, 220000, Bittrex, 0.00000305
20160804, 230000, Bittrex, 0.00000305
20160805, 000000, Bittrex, 0.00000305
20160805, 010000, Bittrex, 0.00000305
20160805, 020000, Bittrex, 0.00000305
20160805, 030000, Bittrex, 0.00000305
20160805, 040000, Bittrex, 0.00000305
20160805, 050000, Bittrex, 0.00000305
20160805, 060000, Bittrex, 0.00000305
20160805, 070000, Bittrex, 0.00000305
20160805, 080000, Bittrex, 0.00000305
20160805, 090000, Bittrex, 0.00000305
20160805, 100000, Bittrex, 0.00000305
20160805, 110000, Bittrex, 0.00000305
20160805, 120000, Bittrex, 0.00000305
20160805, 130000, Bittrex, 0.00000305
20160805, 140000, Bittrex, 0.00000305
20160805, 150000, Bittrex, 0.00000305
20160805, 160000, Bittrex, 0.00000305
20160805, 170000, Bittrex, 0.00000305
20160805, 180000, Bittrex, 0.00000305
20160805, 190000, Bittrex, 0.00000305
20160805, 200000, Bittrex, 0.00000305
20160805, 210000, Bittrex, 0.00000305
20160805, 220000, Bittrex, 0.00000305
20160805, 230000, Bittrex, 0.00000305
20160806, 000000, Bittrex, 0.00000305
20160806, 010000, Bittrex, 0.00000305
20160806, 020000, Bittrex, 0.00000305
20160806, 030000, Bittrex, 0.00000305
20160806, 040000, Bittrex, 0.00000305
20160806, 050000, Bittrex, 0.00000305
20160806, 060000, Bittrex, 0.00000305
20160806, 070000, Bittrex, 0.00000305
20160806, 080000, Bittrex, 0.00000305
20160806, 090000, Bittrex, 0.00000305
20160806, 100000, Bittrex, 0.00000305
20160806, 110000, Bittrex, 0.00000305
20160806, 120000, Bittrex, 0.00000305
20160806, 130000, Bittrex, 0.00000305
20160806, 140000, Bittrex, 0.00000305
20160806, 150000, Bittrex, 0.00000305
20160806, 160000, Bittrex, 0.00000305
20160806, 170000, Bittrex, 0.00000305
20160806, 180000, Bittrex, 0.00000305
20160806, 190000, Bittrex, 0.00000305
20160806, 200000, Bittrex, 0.00000305
20160806, 210000, Bittrex, 0.00000341
20160806, 220000, Bittrex, 0.00000341
20160806, 230000, Bittrex, 0.00000341
20160807, 000000, Bittrex, 0.00000341
20160807, 010000, Bittrex, 0.00000341
20160807, 020000, Bittrex, 0.00000341
20160807, 030000, Bittrex, 0.00000341
20160807, 040000, Bittrex, 0.00000341
20160807, 050000, Bittrex, 0.00000341
20160807, 060000, Bittrex, 0.00000341
20160807, 070000, Bittrex, 0.00000341
20160807, 080000, Bittrex, 0.00000341
20160807, 090000, Bittrex, 0.00000341
20160807, 100000, Bittrex, 0.00000341
20160807, 110000, Bittrex, 0.00000341
20160807, 120000, Bittrex, 0.00000341
20160807, 130000, Bittrex, 0.00000341
20160807, 140000, Bittrex, 0.00000341
20160807, 150000, Bittrex, 0.00000341
20160807, 160000, Bittrex, 0.00000341
20160807, 170000, Bittrex, 0.00000341
20160807, 180000, Bittrex, 0.00000341
20160807, 190000, Bittrex, 0.00000311
20160807, 200000, Bittrex, 0.00000330
20160807, 210000, Bittrex, 0.00000330
20160807, 220000, Bittrex, 0.00000241
20160807, 230000, Bittrex, 0.00000238
20160808, 000000, Bittrex, 0.00000250
20160808, 010000, Bittrex, 0.00000226
20160808, 020000, Bittrex, 0.00000200
20160808, 030000, Bittrex, 0.00000200
20160808, 040000, Bittrex, 0.00000200
20160808, 050000, Bittrex, 0.00000200
20160808, 060000, Bittrex, 0.00000150
20160808, 070000, Bittrex, 0.00000150
20160808, 080000, Bittrex, 0.00000151
20160808, 090000, Bittrex, 0.00000210
20160808, 100000, Bittrex, 0.00000200
20160808, 110000, Bittrex, 0.00000205
20160808, 120000, Bittrex, 0.00000205
20160808, 130000, Bittrex, 0.00000200
20160808, 140000, Bittrex, 0.00000155
20160808, 150000, Bittrex, 0.00000155
20160808, 160000, Bittrex, 0.00000155
20160808, 170000, Bittrex, 0.00000155
20160808, 180000, Bittrex, 0.00000155
20160808, 190000, Bittrex, 0.00000155
20160808, 200000, Bittrex, 0.00000139
20160808, 210000, Bittrex, 0.00000157
20160808, 220000, Bittrex, 0.00000065
20160808, 230000, Bittrex, 0.00000129
20160809, 000000, Bittrex, 0.00000070
20160809, 010000, Bittrex, 0.00000070
20160809, 020000, Bittrex, 0.00000070
20160809, 030000, Bittrex, 0.00000116
20160809, 040000, Bittrex, 0.00000142
20160809, 050000, Bittrex, 0.00000171
20160809, 060000, Bittrex, 0.00000155
20160809, 070000, Bittrex, 0.00000119
20160809, 080000, Bittrex, 0.00000119
20160809, 090000, Bittrex, 0.00000158
20160809, 100000, Bittrex, 0.00000150
20160809, 110000, Bittrex, 0.00000150
20160809, 120000, Bittrex, 0.00000130
20160809, 130000, Bittrex, 0.00000135
20160809, 140000, Bittrex, 0.00000135
20160809, 150000, Bittrex, 0.00000135
20160809, 160000, Bittrex, 0.00000132
20160809, 170000, Bittrex, 0.00000132
20160809, 180000, Bittrex, 0.00000132
20160809, 190000, Bittrex, 0.00000142
20160809, 200000, Bittrex, 0.00000142
20160809, 210000, Bittrex, 0.00000145
20160809, 220000, Bittrex, 0.00000145
20160809, 230000, Bittrex, 0.00000154
20160810, 000000, Bittrex, 0.00000124
20160810, 010000, Bittrex, 0.00000163
20160810, 020000, Bittrex, 0.00000160
20160810, 030000, Bittrex, 0.00000160
20160810, 040000, Bittrex, 0.00000160
20160810, 050000, Bittrex, 0.00000160
20160810, 060000, Bittrex, 0.00000134
20160810, 070000, Bittrex, 0.00000141
20160810, 080000, Bittrex, 0.00000141
20160810, 090000, Bittrex, 0.00000141
20160810, 100000, Bittrex, 0.00000099
20160810, 110000, Bittrex, 0.00000134
20160810, 120000, Bittrex, 0.00000115
20160810, 130000, Bittrex, 0.00000107
20160810, 140000, Bittrex, 0.00000101
20160810, 150000, Bittrex, 0.00000114
20160810, 160000, Bittrex, 0.00000114
20160810, 170000, Bittrex, 0.00000135
20160810, 180000, Bittrex, 0.00000135
20160810, 190000, Bittrex, 0.00000135
20160810, 200000, Bittrex, 0.00000126
20160810, 210000, Bittrex, 0.00000155
20160810, 220000, Bittrex, 0.00000155
20160810, 230000, Bittrex, 0.00000155
20160811, 000000, Bittrex, 0.00000164
20160811, 010000, Bittrex, 0.00000164
20160811, 020000, Bittrex, 0.00000164
20160811, 030000, Bittrex, 0.00000165
20160811, 040000, Bittrex, 0.00000139
20160811, 050000, Bittrex, 0.00000139
20160811, 060000, Bittrex, 0.00000119
20160811, 070000, Bittrex, 0.00000119
20160811, 080000, Bittrex, 0.00000118
20160811, 090000, Bittrex, 0.00000118
20160811, 100000, Bittrex, 0.00000118
20160811, 110000, Bittrex, 0.00000118
20160811, 120000, Bittrex, 0.00000148
20160811, 130000, Bittrex, 0.00000102
20160811, 140000, Bittrex, 0.00000102
20160811, 150000, Bittrex, 0.00000102
20160811, 160000, Bittrex, 0.00000102
20160811, 170000, Bittrex, 0.00000100
20160811, 180000, Bittrex, 0.00000100
20160811, 190000, Bittrex, 0.00000126
20160811, 200000, Bittrex, 0.00000126
20160811, 210000, Bittrex, 0.00000126
20160811, 220000, Bittrex, 0.00000126
20160811, 230000, Bittrex, 0.00000126
20160812, 000000, Bittrex, 0.00000126
20160812, 010000, Bittrex, 0.00000126
20160812, 020000, Bittrex, 0.00000126
20160812, 030000, Bittrex, 0.00000105
20160812, 040000, Bittrex, 0.00000103
20160812, 050000, Bittrex, 0.00000103
20160812, 060000, Bittrex, 0.00000103
20160812, 070000, Bittrex, 0.00000103
20160812, 080000, Bittrex, 0.00000152
20160812, 090000, Bittrex, 0.00000152
20160812, 100000, Bittrex, 0.00000152
20160812, 110000, Bittrex, 0.00000152
20160812, 120000, Bittrex, 0.00000152
20160812, 130000, Bittrex, 0.00000131
20160812, 140000, Bittrex, 0.00000112
20160812, 150000, Bittrex, 0.00000112
20160812, 160000, Bittrex, 0.00000112
20160812, 170000, Bittrex, 0.00000104
20160812, 180000, Bittrex, 0.00000130
20160812, 190000, Bittrex, 0.00000130
20160812, 200000, Bittrex, 0.00000130
20160812, 210000, Bittrex, 0.00000130
20160812, 220000, Bittrex, 0.00000130
20160812, 230000, Bittrex, 0.00000130
20160813, 000000, Bittrex, 0.00000108
20160813, 010000, Bittrex, 0.00000108
20160813, 020000, Bittrex, 0.00000108
20160813, 030000, Bittrex, 0.00000108
20160813, 040000, Bittrex, 0.00000108
20160813, 050000, Bittrex, 0.00000108
20160813, 060000, Bittrex, 0.00000108
20160813, 070000, Bittrex, 0.00000111
20160813, 080000, Bittrex, 0.00000123
20160813, 090000, Bittrex, 0.00000123
20160813, 100000, Bittrex, 0.00000123
20160813, 110000, Bittrex, 0.00000109
20160813, 120000, Bittrex, 0.00000109
20160813, 130000, Bittrex, 0.00000109
20160813, 140000, Bittrex, 0.00000109
20160813, 150000, Bittrex, 0.00000109
20160813, 160000, Bittrex, 0.00000109
20160813, 170000, Bittrex, 0.00000127
20160813, 180000, Bittrex, 0.00000127
20160813, 190000, Bittrex, 0.00000127
20160813, 200000, Bittrex, 0.00000127
20160813, 210000, Bittrex, 0.00000127
20160813, 220000, Bittrex, 0.00000127
20160813, 230000, Bittrex, 0.00000127
20160814, 000000, Bittrex, 0.00000127
20160814, 010000, Bittrex, 0.00000127
20160814, 020000, Bittrex, 0.00000127
20160814, 030000, Bittrex, 0.00000127
20160814, 040000, Bittrex, 0.00000108
20160814, 050000, Bittrex, 0.00000120
20160814, 060000, Bittrex, 0.00000120
20160814, 070000, Bittrex, 0.00000100
20160814, 100000, Bittrex, 0.00000114
20160814, 110000, Bittrex, 0.00000114
20160814, 120000, Bittrex, 0.00000114
20160814, 130000, Bittrex, 0.00000100
20160814, 140000, Bittrex, 0.00000101
20160814, 150000, Bittrex, 0.00000101
20160814, 160000, Bittrex, 0.00000101
20160814, 170000, Bittrex, 0.00000101
20160814, 180000, Bittrex, 0.00000100
20160814, 190000, Bittrex, 0.00000100
20160814, 200000, Bittrex, 0.00000100
20160814, 210000, Bittrex, 0.00000100
20160814, 220000, Bittrex, 0.00000100
20160814, 230000, Bittrex, 0.00000100
20160815, 000000, Bittrex, 0.00000100
20160815, 010000, Bittrex, 0.00000100
20160815, 020000, Bittrex, 0.00000100
20160815, 030000, Bittrex, 0.00000100
20160815, 040000, Bittrex, 0.00000100
20160815, 050000, Bittrex, 0.00000100
20160815, 060000, Bittrex, 0.00000100
20160815, 070000, Bittrex, 0.00000100
20160815, 080000, Bittrex, 0.00000100
20160815, 090000, Bittrex, 0.00000100
20160815, 100000, Bittrex, 0.00000100
20160815, 110000, Bittrex, 0.00000100
20160815, 120000, Bittrex, 0.00000100
20160815, 130000, Bittrex, 0.00000100
20160815, 140000, Bittrex, 0.00000100
20160815, 150000, Bittrex, 0.00000100
20160815, 160000, Bittrex, 0.00000100
20160815, 170000, Bittrex, 0.00000100
20160815, 180000, Bittrex, 0.00000100
20160815, 190000, Bittrex, 0.00000100
20160815, 200000, Bittrex, 0.00000100
20160815, 210000, Bittrex, 0.00000100
20160815, 220000, Bittrex, 0.00000100
20160815, 230000, Bittrex, 0.00000115
20160816, 000000, Bittrex, 0.00000115
20160816, 010000, Bittrex, 0.00000115
20160816, 020000, Bittrex, 0.00000115
20160816, 030000, Bittrex, 0.00000115
20160816, 040000, Bittrex, 0.00000115
20160816, 050000, Bittrex, 0.00000115
20160816, 060000, Bittrex, 0.00000123
20160816, 070000, Bittrex, 0.00000123
20160816, 080000, Bittrex, 0.00000122
20160816, 090000, Bittrex, 0.00000122
20160816, 100000, Bittrex, 0.00000122
20160816, 110000, Bittrex, 0.00000122
20160816, 120000, Bittrex, 0.00000122
20160816, 130000, Bittrex, 0.00000122
20160816, 140000, Bittrex, 0.00000122
20160816, 150000, Bittrex, 0.00000122
20160816, 160000, Bittrex, 0.00000122
20160816, 170000, Bittrex, 0.00000122
20160816, 180000, Bittrex, 0.00000122
20160816, 190000, Bittrex, 0.00000122
20160816, 200000, Bittrex, 0.00000122
20160816, 210000, Bittrex, 0.00000122
20160816, 220000, Bittrex, 0.00000122
20160816, 230000, Bittrex, 0.00000122
20160817, 000000, Bittrex, 0.00000122
20160817, 010000, Bittrex, 0.00000122
20160817, 020000, Bittrex, 0.00000122
20160817, 030000, Bittrex, 0.00000122
20160817, 040000, Bittrex, 0.00000122
20160817, 050000, Bittrex, 0.00000122
20160817, 060000, Bittrex, 0.00000122
20160817, 070000, Bittrex, 0.00000122
20160817, 080000, Bittrex, 0.00000122
20160817, 090000, Bittrex, 0.00000122
20160817, 100000, Bittrex, 0.00000122
20160817, 110000, Bittrex, 0.00000122
20160817, 120000, Bittrex, 0.00000122
20160817, 130000, Bittrex, 0.00000122
20160817, 140000, Bittrex, 
20160817, 150000, Bittrex, 
20160817, 160000, Bittrex, 
20160817, 170000, Bittrex, 
20160817, 180000, Bittrex, 
20160817, 190000, Bittrex, 
20160817, 200000, Bittrex, 
20160817, 210000, Bittrex, 
20160817, 220000, Bittrex, 
20160817, 230000, Bittrex, 
20160818, 000000, Bittrex, 
20160818, 010000, Bittrex, 
20160818, 020000, Bittrex, 
20160818, 030000, Bittrex, 
20160818, 040000, Bittrex, 
20160818, 050000, Bittrex, 
20160818, 060000, Bittrex, 
20160818, 070000, Bittrex, 
20160818, 080000, Bittrex, 
20160818, 090000, Bittrex, 
20160818, 100000, Bittrex, 
20160818, 110000, Bittrex, 
20160818, 120000, Bittrex, 
20160818, 130000, Bittrex, 
20160818, 140000, Bittrex, 
20160818, 150000, Bittrex, 
20160818, 160000, Bittrex, 
20160818, 170000, Bittrex, 
20160818, 180000, Bittrex, 
20160818, 190000, Bittrex, 
20160818, 200000, Bittrex, 
20160818, 210000, Bittrex, 
20160818, 220000, Bittrex, 
20160818, 230000, Bittrex, 
20160819, 000000, Bittrex, 
20160819, 010000, Bittrex, 
20160819, 020000, Bittrex, 
20160819, 030000, Bittrex, 
20160819, 040000, Bittrex, 
20160819, 050000, Bittrex, 
20160819, 060000, Bittrex, 
20160819, 070000, Bittrex, 
20160819, 080000, Bittrex, 
20160819, 090000, Bittrex, 
20160819, 100000, Bittrex, 
20160819, 110000, Bittrex, 
20160819, 120000, Bittrex, 
20160819, 130000, Bittrex, 
20160819, 140000, Bittrex, 
20160819, 150000, Bittrex, 
20160819, 160000, Bittrex, 
20160819, 170000, Bittrex, 
20160819, 180000, Bittrex, 
20160819, 190000, Bittrex, 
20160819, 200000, Bittrex, 
20160819, 210000, Bittrex, 
20160819, 220000, Bittrex, 
20160819, 230000, Bittrex, 
20160820, 000000, Bittrex, 
20160820, 010000, Bittrex, 
20160820, 020000, Bittrex, 
20160820, 030000, Bittrex, 
20160820, 040000, Bittrex, 
20160820, 050000, Bittrex, 
20160820, 060000, Bittrex, 
20160820, 070000, Bittrex, 
20160820, 080000, Bittrex, 
20160820, 090000, Bittrex, 
20160820, 100000, Bittrex, 
20160820, 110000, Bittrex, 
20160820, 120000, Bittrex, 
20160820, 130000, Bittrex, 
20160820, 140000, Bittrex, 
20160820, 150000, Bittrex, 
20160820, 160000, Bittrex, 
20160820, 170000, Bittrex, 
20160820, 180000, Bittrex, 
20160820, 190000, Bittrex, 
20160820, 200000, Bittrex, 
20160820, 210000, Bittrex, 
20160820, 220000, Bittrex, 
20160820, 230000, Bittrex, 
20160821, 000000, Bittrex, 
20160821, 010000, Bittrex, 
20160821, 020000, Bittrex, 
20160821, 030000, Bittrex, 
20160821, 040000, Bittrex, 
20160821, 050000, Bittrex, 
20160821, 060000, Bittrex, 
20160821, 070000, Bittrex, 
20160821, 080000, Bittrex, 
20160821, 090000, Bittrex, 
20160821, 100000, Bittrex, 
20160821, 110000, Bittrex, 
20160821, 120000, Bittrex, 
20160821, 130000, Bittrex, 
20160821, 140000, Bittrex, 
20160821, 150000, Bittrex, 
20160821, 160000, Bittrex, 
20160821, 170000, Bittrex, 
20160821, 180000, Bittrex, 
20160821, 190000, Bittrex, 
20160821, 200000, Bittrex, 
20160821, 210000, Bittrex, 
20160821, 220000, Bittrex, 
20160821, 230000, Bittrex, 
20160822, 000000, Bittrex, 
20160822, 010000, Bittrex, 
20160822, 020000, Bittrex, 
20160822, 030000, Bittrex, 
20160822, 040000, Bittrex, 
20160822, 050000, Bittrex, 
20160822, 060000, Bittrex, 
20160822, 070000, Bittrex, 
20160822, 080000, Bittrex, 
20160822, 090000, Bittrex, 
20160822, 100000, Bittrex, 
20160822, 110000, Bittrex, 
20160822, 120000, Bittrex, 
20160822, 130000, Bittrex, 
20160822, 140000, Bittrex, 
20160822, 150000, Bittrex, 
20160822, 160000, Bittrex, 
20160822, 170000, Bittrex, 
20160822, 180000, Bittrex, 
20160822, 190000, Bittrex, 
20160822, 200000, Bittrex, 
20160822, 210000, Bittrex, 
20160822, 220000, Bittrex, 
20160822, 230000, Bittrex, 
20160823, 000000, Bittrex, 
20160823, 010000, Bittrex, 
20160823, 020000, Bittrex, 
20160823, 030000, Bittrex, 
20160823, 040000, Bittrex, 
20160823, 050000, Bittrex, 
20160823, 060000, Bittrex, 
20160823, 070000, Bittrex, 
20160823, 080000, Bittrex, 
20160823, 090000, Bittrex, 
20160823, 100000, Bittrex, 
20160823, 110000, Bittrex, 
20160823, 120000, Bittrex, 
20160823, 130000, Bittrex, 
20160823, 140000, Bittrex, 
20160823, 150000, Bittrex, 
20160823, 160000, Bittrex, 
20160823, 170000, Bittrex, 
20160823, 180000, Bittrex, 
20160823, 190000, Bittrex, 
20160823, 200000, Bittrex, 
20160823, 210000, Bittrex, 
20160823, 220000, Bittrex, 
20160823, 230000, Bittrex, 
20160824, 000000, Bittrex, 
20160824, 010000, Bittrex, 
20160824, 020000, Bittrex, 
20160824, 030000, Bittrex, 
20160824, 040000, Bittrex, 
20160824, 050000, Bittrex, 
20160824, 060000, Bittrex, 
20160824, 070000, Bittrex, 
20160824, 080000, Bittrex, 
20160824, 090000, Bittrex, 
20160824, 100000, Bittrex, 
20160824, 110000, Bittrex, 
20160824, 120000, Bittrex, 
20160824, 130000, Bittrex, 
20160824, 140000, Bittrex, 
20160824, 150000, Bittrex, 
20160824, 160000, Bittrex, 
20160824, 170000, Bittrex, 
20160824, 180000, Bittrex, 
20160824, 190000, Bittrex, 
20160824, 200000, Bittrex, 
20160824, 210000, Bittrex, 
20160824, 220000, Bittrex, 
20160824, 230000, Bittrex, 
20160825, 000000, Bittrex, 
20160825, 010000, Bittrex, 
20160825, 020000, Bittrex, 
20160825, 030000, Bittrex, 
20160825, 040000, Bittrex, 
20160825, 050000, Bittrex, 
20160825, 060000, Bittrex, 
20160825, 070000, Bittrex, 
20160825, 080000, Bittrex, 
20160825, 090000, Bittrex, 
20160825, 100000, Bittrex, 
20160825, 110000, Bittrex, 
20160825, 120000, Bittrex, 
20160825, 130000, Bittrex, 
20160825, 140000, Bittrex, 
20160825, 150000, Bittrex, 
20160825, 160000, Bittrex, 
20160825, 170000, Bittrex, 
20160825, 180000, Bittrex, 
20160825, 190000, Bittrex, 
20160825, 200000, Bittrex, 
20160825, 210000, Bittrex, 
20160825, 220000, Bittrex, 
20160825, 230000, Bittrex, 
20160826, 000000, Bittrex, 
20160826, 010000, Bittrex, 
20160826, 020000, Bittrex, 
20160826, 030000, Bittrex, 
20160826, 040000, Bittrex, 
20160826, 050000, Bittrex, 
20160826, 060000, Bittrex, 
20160826, 070000, Bittrex, 
20160826, 080000, Bittrex, 
20160826, 090000, Bittrex, 
20160826, 100000, Bittrex, 
20160826, 110000, Bittrex, 
20160826, 120000, Bittrex, 
20160826, 130000, Bittrex, 
20160826, 140000, Bittrex, 
20160826, 150000, Bittrex, 
20160826, 160000, Bittrex, 
20160826, 170000, Bittrex, 
20160826, 180000, Bittrex, 
20160826, 190000, Bittrex, 
20160826, 200000, Bittrex, 
20160826, 210000, Bittrex, 
20160826, 220000, Bittrex, 
20160826, 230000, Bittrex, 
20160827, 000000, Bittrex, 
20160827, 010000, Bittrex, 
20160827, 020000, Bittrex, 
20160827, 030000, Bittrex, 
20160827, 040000, Bittrex, 
20160827, 050000, Bittrex, 
20160827, 060000, Bittrex, 
20160827, 070000, Bittrex, 
20160827, 080000, Bittrex, 
20160827, 090000, Bittrex, 
20160827, 100000, Bittrex, 
20160827, 110000, Bittrex, 
20160827, 120000, Bittrex, 
20160827, 130000, Bittrex, 
20160827, 140000, Bittrex, 
20160827, 150000, Bittrex, 
20160827, 160000, Bittrex, 
20160827, 170000, Bittrex, 
20160827, 180000, Bittrex, 
20160827, 190000, Bittrex, 
20160827, 200000, Bittrex, 
20160827, 210000, Bittrex, 
20160827, 220000, Bittrex, 
20160827, 230000, Bittrex, 
20160828, 000000, Bittrex, 
20160828, 010000, Bittrex, 
20160828, 020000, Bittrex, 
20160828, 030000, Bittrex, 
20160828, 040000, Bittrex, 
20160828, 050000, Bittrex, 
20160828, 060000, Bittrex, 
20160828, 070000, Bittrex, 
20160828, 080000, Bittrex, 
20160828, 090000, Bittrex, 
20160828, 100000, Bittrex, 
20160828, 110000, Bittrex, 
20160828, 120000, Bittrex, 
20160828, 130000, Bittrex, 
20160828, 140000, Bittrex, 
20160828, 150000, Bittrex, 
20160828, 160000, Bittrex, 
20160828, 170000, Bittrex, 
20160828, 180000, Bittrex, 
20160828, 190000, Bittrex, 
20160828, 200000, Bittrex, 
20160828, 210000, Bittrex, 
20160828, 220000, Bittrex, 
20160828, 230000, Bittrex, 
20160829, 000000, Bittrex, 
20160829, 010000, Bittrex, 
20160829, 020000, Bittrex, 
20160829, 030000, Bittrex, 
20160829, 040000, Bittrex, 
20160829, 050000, Bittrex, 
20160829, 060000, Bittrex, 
20160829, 070000, Bittrex, 
20160829, 080000, Bittrex, 
20160829, 090000, Bittrex, 
20160829, 100000, Bittrex, 
20160829, 110000, Bittrex, 
20160829, 120000, Bittrex, 
20160829, 130000, Bittrex, 
20160829, 140000, Bittrex, 
20160829, 150000, Bittrex, 
20160829, 160000, Bittrex, 
20160829, 170000, Bittrex, 
20160829, 180000, Bittrex, 
20160829, 190000, Bittrex, 
20160829, 200000, Bittrex, 
20160829, 210000, Bittrex, 
20160829, 220000, Bittrex, 
20160829, 230000, Bittrex, 
20160830, 000000, Bittrex, 
20160830, 010000, Bittrex, 
20160830, 020000, Bittrex, 
20160830, 030000, Bittrex, 
20160830, 040000, Bittrex, 
20160830, 050000, Bittrex, 
20160830, 060000, Bittrex, 
20160830, 070000, Bittrex, 
20160830, 080000, Bittrex, 
20160830, 090000, Bittrex, 
20160830, 100000, Bittrex, 
20160830, 110000, Bittrex, 
20160830, 120000, Bittrex, 
20160830, 130000, Bittrex, 
20160830, 140000, Bittrex, 
20160830, 150000, Bittrex, 
20160830, 160000, Bittrex, 
20160830, 170000, Bittrex, 
20160830, 180000, Bittrex, 
20160830, 190000, Bittrex, 
20160830, 200000, Bittrex, 
20160830, 210000, Bittrex, 
20160830, 220000, Bittrex, 
20160830, 230000, Bittrex, 
20160831, 000000, Bittrex, 
20160831, 010000, Bittrex, 
20160831, 020000, Bittrex, 
20160831, 030000, Bittrex, 
20160831, 040000, Bittrex, 
20160831, 050000, Bittrex, 
20160831, 060000, Bittrex, 
20160831, 070000, Bittrex, 
20160831, 080000, Bittrex, 
20160831, 090000, Bittrex, 
20160831, 100000, Bittrex, 
20160831, 110000, Bittrex, 
20160831, 120000, Bittrex, 
20160831, 130000, Bittrex, 
20160831, 140000, Bittrex, 
20160831, 150000, Bittrex, 
20160831, 160000, Bittrex, 
20160831, 170000, Bittrex, 
20160831, 180000, Bittrex, 
20160831, 190000, Bittrex, 
20160831, 200000, Bittrex, 
20160831, 210000, Bittrex, 
20160831, 220000, Bittrex, 
20160831, 230000, Bittrex, 
20160901, 000000, Bittrex, 
20160901, 010000, Bittrex, 
20160901, 020000, Bittrex, 
20160901, 030000, Bittrex, 
20160901, 040000, Bittrex, 
20160901, 050000, Bittrex, 
20160901, 060000, Bittrex, 
20160901, 070000, Bittrex, 
20160901, 080000, Bittrex, 
20160901, 090000, Bittrex, 
20160901, 100000, Bittrex, 
20160901, 110000, Bittrex, 
20160901, 120000, Bittrex, 
20160901, 130000, Bittrex, 
20160901, 140000, Bittrex, 
20160901, 150000, Bittrex, 
20160901, 160000, Bittrex, 
20160901, 170000, Bittrex, 
20160901, 180000, Bittrex, 
20160901, 190000, Bittrex, 
20160901, 200000, Bittrex, 
20160901, 210000, Bittrex, 
20160901, 220000, Bittrex, 
20160901, 230000, Bittrex, 
20160902, 000000, Bittrex, 
20160902, 010000, Bittrex, 
20160902, 020000, Bittrex, 
20160902, 030000, Bittrex, 
20160902, 040000, Bittrex, 
20160902, 050000, Bittrex, 
20160902, 060000, Bittrex, 
20160902, 070000, Bittrex, 
20160902, 080000, Bittrex, 
20160902, 090000, Bittrex, 
20160902, 100000, Bittrex, 
20160902, 110000, Bittrex, 
20160902, 120000, Bittrex, 
20160902, 130000, Bittrex, 
20160902, 140000, Bittrex, 
20160902, 150000, Bittrex, 
20160902, 160000, Bittrex, 
20160902, 170000, Bittrex, 
20160902, 180000, Bittrex, 
20160902, 190000, Bittrex, 
20160902, 200000, Bittrex, 
20160902, 210000, Bittrex, 
20160902, 220000, Bittrex, 
20160902, 230000, Bittrex, 
20160903, 000000, Bittrex, 
20160903, 010000, Bittrex, 
20160903, 020000, Bittrex, 
20160903, 030000, Bittrex, 
20160903, 040000, Bittrex, 
20160903, 050000, Bittrex, 
20160903, 060000, Bittrex, 
20160903, 070000, Bittrex, 
20160903, 080000, Bittrex, 
20160903, 090000, Bittrex, 
20160903, 100000, Bittrex, 
20160903, 110000, Bittrex, 
20160903, 120000, Bittrex, 
20160903, 130000, Bittrex, 
20160903, 140000, Bittrex, 
20160903, 150000, Bittrex, 
20160903, 160000, Bittrex, 
20160903, 170000, Bittrex, 
20160903, 180000, Bittrex, 
20160903, 190000, Bittrex, 
20160903, 200000, Bittrex, 
20160903, 210000, Bittrex, 
20160903, 220000, Bittrex, 
20160903, 230000, Bittrex, 
20160904, 000000, Bittrex, 
20160904, 010000, Bittrex, 
20160904, 020000, Bittrex, 
20160904, 030000, Bittrex, 
20160904, 040000, Bittrex, 
20160904, 050000, Bittrex, 
20160904, 060000, Bittrex, 
20160904, 070000, Bittrex, 
20160904, 080000, Bittrex, 
20160904, 090000, Bittrex, 
20160904, 100000, Bittrex, 
20160904, 110000, Bittrex, 
20160904, 120000, Bittrex, 
20160904, 130000, Bittrex, 
20160904, 140000, Bittrex, 
20160904, 150000, Bittrex, 
20160904, 160000, Bittrex, 
20160904, 170000, Bittrex, 
20160904, 180000, Bittrex, 
20160904, 190000, Bittrex, 
20160904, 200000, Bittrex, 
20160904, 210000, Bittrex, 
20160904, 220000, Bittrex, 
20160904, 230000, Bittrex, 
20160905, 000000, Bittrex, 
20160905, 010000, Bittrex, 
20160905, 020000, Bittrex, 
20160905, 030000, Bittrex, 
20160905, 040000, Bittrex, 
20160905, 050000, Bittrex, 
20160905, 060000, Bittrex, 
20160905, 070000, Bittrex, 
20160905, 080000, Bittrex, 
20160905, 090000, Bittrex, 
20160905, 100000, Bittrex, 
20160905, 110000, Bittrex, 
20160905, 120000, Bittrex, 
20160905, 130000, Bittrex, 
20160905, 140000, Bittrex, 
20160905, 150000, Bittrex, 
20160905, 160000, Bittrex, 
20160905, 170000, Bittrex, 
20160905, 180000, Bittrex, 
20160905, 190000, Bittrex, 
20160905, 200000, Bittrex, 
20160905, 210000, Bittrex, 
20160905, 220000, Bittrex, 
20160905, 230000, Bittrex, 
20160906, 000000, Bittrex, 
20160906, 010000, Bittrex, 
20160906, 020000, Bittrex, 
20160906, 030000, Bittrex, 
20160906, 040000, Bittrex, 
20160906, 050000, Bittrex, 
20160906, 060000, Bittrex, 
20160906, 070000, Bittrex, 
20160906, 080000, Bittrex, 
20160906, 090000, Bittrex, 
20160906, 100000, Bittrex, 
20160906, 110000, Bittrex, 
20160906, 120000, Bittrex, 
20160906, 130000, Bittrex, 
20160906, 140000, Bittrex, 
20160906, 150000, Bittrex, 
20160906, 160000, Bittrex, 
20160906, 170000, Bittrex, 
20160906, 180000, Bittrex, 
20160906, 190000, Bittrex, 
20160906, 200000, Bittrex, 
20160906, 210000, Bittrex, 
20160906, 220000, Bittrex, 
20160906, 230000, Bittrex, 
20160907, 000000, Bittrex, 
20160907, 010000, Bittrex, 
20160907, 020000, Bittrex, 
20160907, 030000, Bittrex, 
20160907, 040000, Bittrex, 
20160907, 050000, Bittrex, 
20160907, 060000, Bittrex, 
20160907, 070000, Bittrex, 
20160907, 080000, Bittrex, 
20160907, 090000, Bittrex, 
20160907, 100000, Bittrex, 
20160907, 110000, Bittrex, 
20160907, 120000, Bittrex, 
20160907, 130000, Bittrex, 
20160907, 140000, Bittrex, 
20160907, 150000, Bittrex, 
20160907, 160000, Bittrex, 
20160907, 170000, Bittrex, 
20160907, 180000, Bittrex, 
20160907, 190000, Bittrex, 
20160907, 200000, Bittrex, 
20160907, 210000, Bittrex, 
20160907, 220000, Bittrex, 
20160907, 230000, Bittrex, 
20160908, 000000, Bittrex, 
20160908, 010000, Bittrex, 
20160908, 020000, Bittrex, 
20160908, 030000, Bittrex, 
20160908, 040000, Bittrex, 
20160908, 050000, Bittrex, 
20160908, 060000, Bittrex, 
20160908, 070000, Bittrex, 
20160908, 080000, Bittrex, 
20160908, 090000, Bittrex, 
20160908, 100000, Bittrex, 
20160908, 110000, Bittrex, 
20160908, 120000, Bittrex, 
20160908, 130000, Bittrex, 
20160908, 140000, Bittrex, 
20160908, 150000, Bittrex, 
20160908, 160000, Bittrex, 
20160908, 170000, Bittrex, 
20160908, 180000, Bittrex, 
20160908, 190000, Bittrex, 
20160908, 200000, Bittrex, 
20160908, 210000, Bittrex, 
20160908, 220000, Bittrex, 
20160908, 230000, Bittrex, 
20160909, 000000, Bittrex, 
20160909, 010000, Bittrex, 
20160909, 020000, Bittrex, 
20160909, 030000, Bittrex, 
20160909, 040000, Bittrex, 
20160909, 050000, Bittrex, 
20160909, 060000, Bittrex, 
20160909, 070000, Bittrex, 
20160909, 080000, Bittrex, 
20160909, 090000, Bittrex, 
20160909, 100000, Bittrex, 
20160909, 110000, Bittrex, 
20160909, 120000, Bittrex, 
20160909, 130000, Bittrex, 
20160909, 140000, Bittrex, 
20160909, 150000, Bittrex, 
20160909, 160000, Bittrex, 
20160909, 170000, Bittrex, 
20160909, 180000, Bittrex, 
20160909, 190000, Bittrex, 
20160909, 200000, Bittrex, 
20160909, 210000, Bittrex, 
20160909, 220000, Bittrex, 
20160909, 230000, Bittrex, 
20160910, 000000, Bittrex, 
20160910, 010000, Bittrex, 
20160910, 020000, Bittrex, 
20160910, 030000, Bittrex, 
20160910, 040000, Bittrex, 
20160910, 050000, Bittrex, 
20160910, 060000, Bittrex, 
20160910, 070000, Bittrex, 
20160910, 080000, Bittrex, 
20160910, 090000, Bittrex, 
20160910, 100000, Bittrex, 
20160910, 110000, Bittrex, 
20160910, 120000, Bittrex, 
20160910, 130000, Bittrex, 
20160910, 140000, Bittrex, 
20160910, 150000, Bittrex, 
20160910, 160000, Bittrex, 
20160910, 170000, Bittrex, 
20160910, 180000, Bittrex, 
20160910, 190000, Bittrex, 
20160910, 200000, Bittrex, 
20160910, 210000, Bittrex, 
20160910, 220000, Bittrex, 
20160910, 230000, Bittrex, 
20160911, 000000, Bittrex, 
20160911, 010000, Bittrex, 
20160911, 020000, Bittrex, 
20160911, 030000, Bittrex, 
20160911, 040000, Bittrex, 
20160911, 050000, Bittrex, 
20160911, 060000, Bittrex, 
20160911, 070000, Bittrex, 
20160911, 080000, Bittrex, 
20160911, 090000, Bittrex, 
20160911, 100000, Bittrex, 
20160911, 110000, Bittrex, 
20160911, 120000, Bittrex, 
20160911, 130000, Bittrex, 
20160911, 140000, Bittrex, 
20160911, 150000, Bittrex, 
20160911, 160000, Bittrex, 
20160911, 170000, Bittrex, 
20160911, 180000, Bittrex, 
20160911, 190000, Bittrex, 
20160911, 200000, Bittrex, 
20160911, 210000, Bittrex, 
20160911, 220000, Bittrex, 
20160911, 230000, Bittrex, 
20160912, 000000, Bittrex, 
20160912, 010000, Bittrex, 
20160912, 020000, Bittrex, 
20160912, 030000, Bittrex, 
20160912, 040000, Bittrex, 
20160912, 050000, Bittrex, 
20160912, 060000, Bittrex, 
20160912, 070000, Bittrex, 
20160912, 080000, Bittrex, 
20160912, 090000, Bittrex, 
20160912, 100000, Bittrex, 
20160912, 110000, Bittrex, 
20160912, 120000, Bittrex, 
20160912, 130000, Bittrex, 
20160912, 140000, Bittrex, 
20160912, 150000, Bittrex, 
20160912, 160000, Bittrex, 
20160912, 170000, Bittrex, 
20160912, 180000, Bittrex, 
20160912, 190000, Bittrex, 
20160912, 200000, Bittrex, 
20160912, 210000, Bittrex, 
20160912, 220000, Bittrex, 
20160912, 230000, Bittrex, 
20160913, 000000, Bittrex, 
20160913, 010000, Bittrex, 
20160913, 020000, Bittrex, 
20160913, 030000, Bittrex, 
20160913, 040000, Bittrex, 
20160913, 050000, Bittrex, 
20160913, 060000, Bittrex, 
20160913, 070000, Bittrex, 
20160913, 080000, Bittrex, 
20160913, 090000, Bittrex, 
20160913, 100000, Bittrex, 
20160913, 110000, Bittrex, 
20160913, 120000, Bittrex, 
20160913, 130000, Bittrex, 
20160913, 140000, Bittrex, 
20160913, 150000, Bittrex, 
20160913, 160000, Bittrex, 
20160913, 170000, Bittrex, 
20160913, 180000, Bittrex, 
20160913, 190000, Bittrex, 
20160913, 200000, Bittrex, 
20160913, 210000, Bittrex, 
20160913, 220000, Bittrex, 
20160913, 230000, Bittrex, 
20160914, 000000, Bittrex, 
20160914, 010000, Bittrex, 
20160914, 030000, Bittrex, 
20160914, 040000, Bittrex, 
20160914, 050000, Bittrex, 
20160914, 060000, Bittrex, 
20160914, 070000, Bittrex, 
20160914, 080000, Bittrex, 
20160914, 090000, Bittrex, 
20160914, 100000, Bittrex, 
20160914, 110000, Bittrex, 
20160914, 120000, Bittrex, 
20160914, 130000, Bittrex, 
20160914, 140000, Bittrex, 
20160914, 150000, Bittrex, 
20160914, 160000, Bittrex, 
20160914, 170000, Bittrex, 
20160914, 180000, Bittrex, 
20160914, 190000, Bittrex, 
20160914, 200000, Bittrex, 
20160914, 210000, Bittrex, 
20160914, 220000, Bittrex, 
20160914, 230000, Bittrex, 
20160915, 000000, Bittrex, 
20160915, 010000, Bittrex, 
20160915, 020000, Bittrex, 
20160915, 030000, Bittrex, 
20160915, 040000, Bittrex, 
20160915, 050000, Bittrex, 
20160915, 060000, Bittrex, 
20160915, 070000, Bittrex, 
20160915, 080000, Bittrex, 
20160915, 090000, Bittrex, 
20160915, 100000, Bittrex, 
20160915, 110000, Bittrex, 
20160915, 120000, Bittrex, 
20160915, 130000, Bittrex, 
20160915, 140000, Bittrex, 
20160915, 150000, Bittrex, 
20160915, 160000, Bittrex, 
20160915, 170000, Bittrex, 
20160915, 180000, Bittrex, 
20160915, 190000, Bittrex, 
20160915, 200000, Bittrex, 
20160915, 210000, Bittrex, 
20160915, 220000, Bittrex, 
20160915, 230000, Bittrex, 
20160916, 000000, Bittrex, 
20160916, 010000, Bittrex, 
20160916, 020000, Bittrex, 
20160916, 030000, Bittrex, 
20160916, 040000, Bittrex, 
20160916, 050000, Bittrex, 
20160916, 060000, Bittrex, 
20160916, 070000, Bittrex, 
20160916, 080000, Bittrex, 
20160916, 090000, Bittrex, 
20160916, 100000, Bittrex, 
20160916, 110000, Bittrex, 
20160916, 120000, Bittrex, 
20160916, 130000, Bittrex, 
20160916, 140000, Bittrex, 
20160916, 150000, Bittrex, 
20160916, 160000, Bittrex, 
20160916, 170000, Bittrex, 
20160916, 180000, Bittrex, 
20160916, 190000, Bittrex, 
20160916, 200000, Bittrex, 
20160916, 210000, Bittrex, 
20160916, 220000, Bittrex, 
20160916, 230000, Bittrex, 
20160917, 000000, Bittrex, 
20160917, 010000, Bittrex, 
20160917, 020000, Bittrex, 
20160917, 030000, Bittrex, 
20160917, 040000, Bittrex, 
20160917, 050000, Bittrex, 
20160917, 060000, Bittrex, 
20160917, 070000, Bittrex, 
20160917, 080000, Bittrex, 
20160917, 090000, Bittrex, 
20160917, 100000, Bittrex, 
20160917, 110000, Bittrex, 
20160917, 120000, Bittrex, 
20160917, 130000, Bittrex, 
20160917, 140000, Bittrex, 
20160917, 150000, Bittrex, 
20160917, 160000, Bittrex, 
20160917, 170000, Bittrex, 
20160917, 180000, Bittrex, 
20160917, 190000, Bittrex, 
20160917, 200000, Bittrex, 
20160917, 210000, Bittrex, 
20160917, 220000, Bittrex, 
20160918, 000000, Bittrex, 
20160918, 010000, Bittrex, 
20160918, 020000, Bittrex, 
20160918, 030000, Bittrex, 
20160918, 040000, Bittrex, 
20160918, 050000, Bittrex, 
20160918, 060000, Bittrex, 
20160918, 070000, Bittrex, 
20160918, 080000, Bittrex, 
20160918, 090000, Bittrex, 
20160918, 100000, Bittrex, 
20160918, 110000, Bittrex, 
20160918, 120000, Bittrex, 
20160918, 130000, Bittrex, 
20160918, 140000, Bittrex, 
20160918, 150000, Bittrex, 
20160918, 160000, Bittrex, 
20160918, 170000, Bittrex, 
20160918, 180000, Bittrex, 
20160918, 190000, Bittrex, 
20160918, 200000, Bittrex, 
20160918, 210000, Bittrex, 
20160918, 220000, Bittrex, 
20160919, 000000, Bittrex, 
20160919, 010000, Bittrex, 
20160919, 020000, Bittrex, 
20160919, 030000, Bittrex, 
20160919, 040000, Bittrex, 
20160919, 050000, Bittrex, 
20160919, 060000, Bittrex, 
20160919, 070000, Bittrex, 
20160919, 080000, Bittrex, 
20160919, 090000, Bittrex, 
20160919, 100000, Bittrex, 
20160919, 110000, Bittrex, 
20160919, 120000, Bittrex, 
20160919, 130000, Bittrex, 
20160919, 140000, Bittrex, 
20160919, 150000, Bittrex, 
20160919, 160000, Bittrex, 
20160919, 170000, Bittrex, 
20160919, 180000, Bittrex, 
20160919, 190000, Bittrex, 
20160919, 200000, Bittrex, 
20160919, 210000, Bittrex, 
20160919, 220000, Bittrex, 
20160919, 230000, Bittrex, 
20160920, 000000, Bittrex, 
20160920, 010000, Bittrex, 
20160920, 020000, Bittrex, 
20160920, 030000, Bittrex, 
20160920, 040000, Bittrex, 
20160920, 050000, Bittrex, 
20160920, 060000, Bittrex, 
20160920, 070000, Bittrex, 
20160920, 080000, Bittrex, 
20160920, 090000, Bittrex, 
20160920, 100000, Bittrex, 
20160920, 110000, Bittrex, 
20160920, 120000, Bittrex, 
20160920, 130000, Bittrex, 
20160920, 140000, Bittrex, 
20160920, 150000, Bittrex, 
20160920, 160000, Bittrex, 
20160920, 170000, Bittrex, 
20160920, 180000, Bittrex, 
20160920, 190000, Bittrex, 
20160920, 200000, Bittrex, 
20160920, 210000, Bittrex, 
20160920, 220000, Bittrex, 
20160920, 230000, Bittrex, 
20160921, 000000, Bittrex, 
20160921, 010000, Bittrex, 
20160924, 130000, Bittrex, 
20160924, 140000, Bittrex, 
20160924, 150000, Bittrex, 
20160924, 160000, Bittrex, 
20160924, 170000, Bittrex, 
20160924, 180000, Bittrex, 
20160924, 190000, Bittrex, 
20160924, 200000, Bittrex, 
20160924, 210000, Bittrex, 
20160924, 220000, Bittrex, 
20160924, 230000, Bittrex, 
20160925, 000000, Bittrex, 
20160925, 010000, Bittrex, 
20160925, 020000, Bittrex, 
20160925, 030000, Bittrex, 
20160925, 040000, Bittrex, 
20160925, 050000, Bittrex, 
20160925, 060000, Bittrex, 
20160925, 070000, Bittrex, 
20160925, 080000, Bittrex, 
20160925, 090000, Bittrex, 
20160925, 100000, Bittrex, 
20160925, 110000, Bittrex, 
20160925, 120000, Bittrex, 
20160925, 130000, Bittrex, 
20160925, 140000, Bittrex, 
20160925, 150000, Bittrex, 
20160925, 160000, Bittrex, 
20160925, 170000, Bittrex, 
20160925, 180000, Bittrex, 
20160925, 190000, Bittrex, 
20160925, 200000, Bittrex, 
20160925, 210000, Bittrex, 
20160925, 220000, Bittrex, 
20160925, 230000, Bittrex, 
20160926, 000000, Bittrex, 
20160926, 010000, Bittrex, 
20160926, 020000, Bittrex, 
20160926, 030000, Bittrex, 
20160926, 040000, Bittrex, 
20160926, 050000, Bittrex, 
20160926, 060000, Bittrex, 
20160926, 070000, Bittrex, 
20160926, 080000, Bittrex, 
20160926, 090000, Bittrex, 
20160926, 100000, Bittrex, 
20160926, 110000, Bittrex, 
20160926, 120000, Bittrex, 
20160926, 130000, Bittrex, 
20160926, 140000, Bittrex, 
20160926, 150000, Bittrex, 
20160926, 160000, Bittrex, 
20160926, 170000, Bittrex, 
20160926, 180000, Bittrex, 
20160926, 190000, Bittrex, 
20160926, 200000, Bittrex, 
20160926, 210000, Bittrex, 
20160926, 220000, Bittrex, 
20160926, 230000, Bittrex, 
20160927, 000000, Bittrex, 
20160927, 010000, Bittrex, 
20160927, 020000, Bittrex, 
20160927, 030000, Bittrex, 
20160927, 040000, Bittrex, 
20160927, 050000, Bittrex, 
20160927, 060000, Bittrex, 
20160927, 070000, Bittrex, 
20160927, 080000, Bittrex, 
20160927, 090000, Bittrex, 
20160927, 100000, Bittrex, 
20160927, 110000, Bittrex, 
20160927, 120000, Bittrex, 
20160927, 130000, Bittrex, 
20160927, 140000, Bittrex, 
20160927, 150000, Bittrex, 
20160927, 160000, Bittrex, 
20160927, 170000, Bittrex, 
20160927, 180000, Bittrex, 
20160927, 190000, Bittrex, 
20160927, 200000, Bittrex, 
20160927, 210000, Bittrex, 
20160927, 220000, Bittrex, 
20160927, 230000, Bittrex, 
20160928, 000000, Bittrex, 
20160928, 010000, Bittrex, 
20160928, 020000, Bittrex, 
20160928, 030000, Bittrex, 
20160928, 040000, Bittrex, 
20160928, 050000, Bittrex, 
20160928, 060000, Bittrex, 
20160928, 070000, Bittrex, 
20160928, 080000, Bittrex, 
20160928, 090000, Bittrex, 
20160928, 100000, Bittrex, 
20160928, 110000, Bittrex, 
20160928, 120000, Bittrex, 
20160928, 130000, Bittrex, 
20160928, 140000, Bittrex, 
20160928, 150000, Bittrex, 
20160928, 160000, Bittrex, 
20160928, 170000, Bittrex, 
20160928, 180000, Bittrex, 
20160928, 190000, Bittrex, 
20160928, 200000, Bittrex, 
20160928, 210000, Bittrex, 
20160928, 220000, Bittrex, 
20160928, 230000, Bittrex, 
20160929, 000000, Bittrex, 
20160929, 010000, Bittrex, 
20160929, 020000, Bittrex, 
20160929, 030000, Bittrex, 
20160929, 040000, Bittrex, 
20160929, 050000, Bittrex, 
20160929, 060000, Bittrex, 
20160929, 070000, Bittrex, 
20160929, 080000, Bittrex, 
20160929, 090000, Bittrex, 
20160929, 100000, Bittrex, 
20160929, 110000, Bittrex, 
20160929, 120000, Bittrex, 
20160929, 130000, Bittrex, 
20160929, 140000, Bittrex, 
20160929, 150000, Bittrex, 
20160929, 160000, Bittrex, 
20160929, 170000, Bittrex, 
20160929, 180000, Bittrex, 
20160929, 190000, Bittrex, 
20160929, 200000, Bittrex, 
20160929, 210000, Bittrex, 
20160929, 220000, Bittrex, 
20160929, 230000, Bittrex, 
20160930, 000000, Bittrex, 
20160930, 010000, Bittrex, 
20160930, 020000, Bittrex, 
20160930, 030000, Bittrex, 
20160930, 040000, Bittrex, 
20160930, 050000, Bittrex, 
20160930, 060000, Bittrex, 
20160930, 070000, Bittrex, 
20160930, 080000, Bittrex, 
20160930, 090000, Bittrex, 
20160930, 100000, Bittrex, 
20160930, 110000, Bittrex, 
20160930, 120000, Bittrex, 
20160930, 130000, Bittrex, 
20160930, 140000, Bittrex, 
20160930, 150000, Bittrex, 
20160930, 160000, Bittrex, 
20160930, 170000, Bittrex, 
20160930, 180000, Bittrex, 
20160930, 190000, Bittrex, 
20160930, 200000, Bittrex, 
20160930, 210000, Bittrex, 
20160930, 220000, Bittrex, 
20160930, 230000, Bittrex, 
20161001, 000000, Bittrex, 
20161001, 010000, Bittrex, 
20161001, 020000, Bittrex, 
20161001, 030000, Bittrex, 
20161001, 040000, Bittrex, 
20161001, 050000, Bittrex, 
20161001, 060000, Bittrex, 
20161001, 070000, Bittrex, 
20161001, 080000, Bittrex, 
20161001, 090000, Bittrex, 
20161001, 100000, Bittrex, 
20161001, 110000, Bittrex, 
20161001, 120000, Bittrex, 
20161001, 130000, Bittrex, 
20161001, 140000, Bittrex, 
20161001, 150000, Bittrex, 
20161001, 160000, Bittrex, 
20161001, 170000, Bittrex, 
20161001, 180000, Bittrex, 
20161001, 190000, Bittrex, 
20161001, 200000, Bittrex, 
20161001, 210000, Bittrex, 
20161001, 220000, Bittrex, 
20161001, 230000, Bittrex, 
20161002, 000000, Bittrex, 
20161002, 010000, Bittrex, 
20161002, 020000, Bittrex, 
20161002, 030000, Bittrex, 
20161002, 040000, Bittrex, 
20161002, 050000, Bittrex, 
20161002, 060000, Bittrex, 
20161002, 070000, Bittrex, 
20161002, 080000, Bittrex, 
20161002, 090000, Bittrex, 
20161002, 100000, Bittrex, 
20161002, 110000, Bittrex, 
20161002, 120000, Bittrex, 
20161002, 130000, Bittrex, 
20161002, 140000, Bittrex, 
20161002, 150000, Bittrex, 
20161002, 160000, Bittrex, 
20161002, 170000, Bittrex, 
20161002, 180000, Bittrex, 
20161002, 190000, Bittrex, 
20161002, 200000, Bittrex, 
20161002, 210000, Bittrex, 
20161002, 220000, Bittrex, 
20161002, 230000, Bittrex, 
20161003, 000000, Bittrex, 
20161003, 010000, Bittrex, 
20161003, 020000, Bittrex, 
20161003, 030000, Bittrex, 
20161003, 040000, Bittrex, 
20161003, 050000, Bittrex, 
20161003, 060000, Bittrex, 
20161003, 070000, Bittrex, 
20161003, 080000, Bittrex, 
20161003, 090000, Bittrex, 
20161003, 100000, Bittrex, 
20161003, 110000, Bittrex, 
20161003, 120000, Bittrex, 
20161003, 130000, Bittrex, 
20161003, 140000, Bittrex, 
20161003, 150000, Bittrex, 
20161003, 160000, Bittrex, 
20161003, 170000, Bittrex, 
20161003, 180000, Bittrex, 
20161003, 190000, Bittrex, 
20161003, 200000, Bittrex, 
20161003, 210000, Bittrex, 
20161003, 220000, Bittrex, 
20161003, 230000, Bittrex, 
20161004, 000000, Bittrex, 
20161004, 010000, Bittrex, 
20161004, 020000, Bittrex, 
20161004, 030000, Bittrex, 
20161004, 040000, Bittrex, 
20161004, 050000, Bittrex, 
20161004, 060000, Bittrex, 
20161004, 070000, Bittrex, 
20161004, 080000, Bittrex, 
20161004, 090000, Bittrex, 
20161004, 100000, Bittrex, 
20161004, 110000, Bittrex, 
20161004, 120000, Bittrex, 
20161004, 130000, Bittrex, 
20161004, 140000, Bittrex, 
20161004, 150000, Bittrex, 
20161004, 160000, Bittrex, 
20161004, 170000, Bittrex, 
20161004, 180000, Bittrex, 
20161004, 190000, Bittrex, 
20161004, 200000, Bittrex, 
20161004, 210000, Bittrex, 
20161004, 220000, Bittrex, 
20161004, 230000, Bittrex, 
20161005, 000000, Bittrex, 
20161005, 010000, Bittrex, 
20161005, 020000, Bittrex, 
20161005, 030000, Bittrex, 
20161005, 040000, Bittrex, 
20161005, 050000, Bittrex, 
20161005, 060000, Bittrex, 
20161005, 070000, Bittrex, 
20161005, 080000, Bittrex, 
20161005, 090000, Bittrex, 
20161005, 100000, Bittrex, 
20161005, 110000, Bittrex, 
20161005, 120000, Bittrex, 
20161005, 130000, Bittrex, 
20161005, 140000, Bittrex, 
20161005, 150000, Bittrex, 
20161005, 160000, Bittrex, 
20161005, 170000, Bittrex, 
20161005, 180000, Bittrex, 
20161005, 190000, Bittrex, 
20161005, 200000, Bittrex, 
20161005, 210000, Bittrex, 
20161005, 220000, Bittrex, 
20161005, 230000, Bittrex, 
20161006, 000000, Bittrex, 
20161006, 010000, Bittrex, 
20161006, 020000, Bittrex, 
20161006, 030000, Bittrex, 
20161006, 040000, Bittrex, 
20161006, 050000, Bittrex, 
20161006, 060000, Bittrex, 
20161006, 070000, Bittrex, 
20161006, 080000, Bittrex, 
20161006, 090000, Bittrex, 
20161006, 100000, Bittrex, 
20161006, 110000, Bittrex, 
20161006, 120000, Bittrex, 
20161006, 130000, Bittrex, 
20161006, 140000, Bittrex, 
20161006, 150000, Bittrex, 
20161006, 160000, Bittrex, 
20161006, 170000, Bittrex, 
20161006, 180000, Bittrex, 
20161006, 190000, Bittrex, 
20161006, 200000, Bittrex, 
20161006, 210000, Bittrex, 
20161006, 220000, Bittrex, 
20161006, 230000, Bittrex, 
20161007, 000000, Bittrex, 
20161007, 010000, Bittrex, 
20161007, 020000, Bittrex, 
20161007, 030000, Bittrex, 
20161007, 040000, Bittrex, 
20161007, 050000, Bittrex, 
20161007, 060000, Bittrex, 
20161007, 070000, Bittrex, 
20161007, 080000, Bittrex, 
20161007, 090000, Bittrex, 
20161007, 100000, Bittrex, 
20161007, 110000, Bittrex, 
20161007, 120000, Bittrex, 
20161007, 130000, Bittrex, 
20161007, 140000, Bittrex, 
20161007, 150000, Bittrex, 
20161007, 160000, Bittrex, 
20161007, 170000, Bittrex, 
20161007, 180000, Bittrex, 
20161007, 190000, Bittrex, 
20161007, 200000, Bittrex, 
20161007, 210000, Bittrex, 
20161007, 220000, Bittrex, 
20161007, 230000, Bittrex, 
20161008, 000000, Bittrex, 
20161008, 010000, Bittrex, 
20161008, 020000, Bittrex, 
20161008, 030000, Bittrex, 
20161008, 040000, Bittrex, 
20161008, 050000, Bittrex, 
20161008, 060000, Bittrex, 
20161008, 070000, Bittrex, 
20161008, 080000, Bittrex, 
20161008, 090000, Bittrex, 
20161008, 100000, Bittrex, 
20161008, 110000, Bittrex, 
20161008, 120000, Bittrex, 
20161008, 130000, Bittrex, 
20161008, 140000, Bittrex, 
20161008, 150000, Bittrex, 
20161008, 160000, Bittrex, 
20161008, 170000, Bittrex, 
20161008, 180000, Bittrex, 
20161008, 190000, Bittrex, 
20161008, 200000, Bittrex, 
20161008, 210000, Bittrex, 
20161008, 220000, Bittrex, 
20161008, 230000, Bittrex, 
20161009, 000000, Bittrex, 
20161009, 010000, Bittrex, 
20161009, 020000, Bittrex, 
20161009, 030000, Bittrex, 
20161009, 040000, Bittrex, 
20161009, 050000, Bittrex, 
20161009, 060000, Bittrex, 
20161009, 070000, Bittrex, 
20161009, 080000, Bittrex, 
20161009, 090000, Bittrex, 
20161009, 100000, Bittrex, 
20161009, 110000, Bittrex, 
20161009, 120000, Bittrex, 
20161009, 130000, Bittrex, 
20161009, 140000, Bittrex, 
20161009, 150000, Bittrex, 
20161009, 160000, Bittrex, 
20161009, 170000, Bittrex, 
20161009, 180000, Bittrex, 
20161009, 190000, Bittrex, 
20161009, 200000, Bittrex, 
20161009, 210000, Bittrex, 
20161009, 220000, Bittrex, 
20161009, 230000, Bittrex, 
20161010, 000000, Bittrex, 
20161010, 010000, Bittrex, 
20161010, 020000, Bittrex, 
20161010, 030000, Bittrex, 
20161010, 040000, Bittrex, 
20161010, 050000, Bittrex, 
20161010, 060000, Bittrex, 
20161010, 070000, Bittrex, 
20161010, 080000, Bittrex, 
20161010, 090000, Bittrex, 
20161010, 100000, Bittrex, 
20161010, 110000, Bittrex, 
20161010, 120000, Bittrex, 
20161010, 130000, Bittrex, 
20161010, 140000, Bittrex, 
20161010, 150000, Bittrex, 
20161010, 160000, Bittrex, 
20161010, 170000, Bittrex, 
20161010, 180000, Bittrex, 
20161010, 190000, Bittrex, 
20161010, 200000, Bittrex, 
20161010, 210000, Bittrex, 
20161010, 220000, Bittrex, 
20161010, 230000, Bittrex, 
20161011, 000000, Bittrex, 
20161011, 010000, Bittrex, 
20161011, 020000, Bittrex, 
20161011, 030000, Bittrex, 
20161011, 040000, Bittrex, 
20161011, 050000, Bittrex, 
20161011, 060000, Bittrex, 
20161011, 070000, Bittrex, 
20161011, 080000, Bittrex, 
20161011, 090000, Bittrex, 
20161011, 100000, Bittrex, 
20161011, 110000, Bittrex, 
20161011, 120000, Bittrex, 
20161011, 130000, Bittrex, 
20161011, 140000, Bittrex, 
20161011, 150000, Bittrex, 
20161011, 160000, Bittrex, 
20161011, 170000, Bittrex, 
20161011, 180000, Bittrex, 
20161011, 190000, Bittrex, 
20161011, 200000, Bittrex, 
20161011, 210000, Bittrex, 
20161011, 220000, Bittrex, 
20161011, 230000, Bittrex, 
20161012, 000000, Bittrex, 
20161012, 010000, Bittrex, 
20161012, 020000, Bittrex, 
20161012, 030000, Bittrex, 
20161012, 040000, Bittrex, 
20161012, 050000, Bittrex, 
20161012, 060000, Bittrex, 
20161012, 070000, Bittrex, 
20161012, 080000, Bittrex, 
20161012, 090000, Bittrex, 
20161012, 100000, Bittrex, 
20161012, 110000, Bittrex, 
20161012, 120000, Bittrex, 
20161012, 130000, Bittrex, 
20161012, 140000, Bittrex, 
20161012, 150000, Bittrex, 
20161012, 160000, Bittrex, 
20161012, 170000, Bittrex, 
20161012, 180000, Bittrex, 
20161012, 190000, Bittrex, 
20161012, 200000, Bittrex, 
20161012, 210000, Bittrex, 
20161012, 220000, Bittrex, 
20161012, 230000, Bittrex, 
20161013, 000000, Bittrex, 
20161013, 010000, Bittrex, 
20161013, 020000, Bittrex, 
20161013, 030000, Bittrex, 
20161013, 040000, Bittrex, 
20161013, 050000, Bittrex, 
20161013, 060000, Bittrex, 
20161013, 070000, Bittrex, 
20161013, 080000, Bittrex, 
20161013, 090000, Bittrex, 
20161013, 100000, Bittrex, 
20161013, 110000, Bittrex, 
20161013, 120000, Bittrex, 
20161013, 130000, Bittrex, 
20161013, 140000, Bittrex, 
20161013, 150000, Bittrex, 
20161013, 160000, Bittrex, 
20161013, 170000, Bittrex, 
20161013, 180000, Bittrex, 
20161013, 190000, Bittrex, 
20161013, 200000, Bittrex, 
20161013, 210000, Bittrex, 
20161013, 220000, Bittrex, 
20161013, 230000, Bittrex, 
20161014, 000000, Bittrex, 
20161014, 010000, Bittrex, 
20161014, 020000, Bittrex, 
20161014, 030000, Bittrex, 
20161014, 040000, Bittrex, 
20161014, 050000, Bittrex, 
20161014, 060000, Bittrex, 
20161014, 070000, Bittrex, 
20161014, 080000, Bittrex, 
20161014, 090000, Bittrex, 
20161014, 100000, Bittrex, 
20161014, 110000, Bittrex, 
20161014, 120000, Bittrex, 
20161014, 130000, Bittrex, 
20161014, 140000, Bittrex, 
20161014, 150000, Bittrex, 
20161014, 160000, Bittrex, 
20161014, 170000, Bittrex, 
20161014, 180000, Bittrex, 
20161014, 190000, Bittrex, 
20161014, 200000, Bittrex, 
20161014, 210000, Bittrex, 
20161014, 220000, Bittrex, 
20161014, 230000, Bittrex, 
20161015, 000000, Bittrex, 
20161015, 010000, Bittrex, 
20161015, 020000, Bittrex, 
20161015, 030000, Bittrex, 
20161015, 040000, Bittrex, 
20161015, 050000, Bittrex, 
20161015, 060000, Bittrex, 
20161015, 070000, Bittrex, 
20161015, 080000, Bittrex, 
20161015, 090000, Bittrex, 
20161015, 100000, Bittrex, 
20161015, 110000, Bittrex, 
20161015, 120000, Bittrex, 
20161015, 130000, Bittrex, 
20161015, 140000, Bittrex, 
20161015, 150000, Bittrex, 
20161015, 160000, Bittrex, 
20161015, 170000, Bittrex, 
20161015, 180000, Bittrex, 
20161015, 190000, Bittrex, 
20161015, 200000, Bittrex, 
20161015, 210000, Bittrex, 
20161015, 220000, Bittrex, 
20161015, 230000, Bittrex, 
20161016, 000000, Bittrex, 
20161016, 010000, Bittrex, 
20161016, 020000, Bittrex, 
20161016, 030000, Bittrex, 
20161016, 040000, Bittrex, 
20161016, 050000, Bittrex, 
20161016, 060000, Bittrex, 
20161016, 070000, Bittrex, 
20161016, 080000, Bittrex, 
20161016, 090000, Bittrex, 
20161016, 100000, Bittrex, 
20161016, 110000, Bittrex, 
20161016, 120000, Bittrex, 
20161016, 130000, Bittrex, 
20161016, 140000, Bittrex, 
20161016, 150000, Bittrex, 
20161016, 160000, Bittrex, 
20161016, 170000, Bittrex, 
20161016, 180000, Bittrex, 
20161016, 190000, Bittrex, 
20161016, 200000, Bittrex, 
20161016, 210000, Bittrex, 
20161016, 220000, Bittrex, 
20161016, 230000, Bittrex, 
20161017, 000000, Bittrex, 
20161017, 010000, Bittrex, 
20161017, 020000, Bittrex, 
20161017, 030000, Bittrex, 
20161017, 040000, Bittrex, 
20161017, 050000, Bittrex, 
20161017, 060000, Bittrex, 
20161017, 070000, Bittrex, 
20161017, 080000, Bittrex, 
20161017, 090000, Bittrex, 
20161017, 100000, Bittrex, 
20161017, 110000, Bittrex, 
20161017, 120000, Bittrex, 
20161017, 130000, Bittrex, 
20161017, 140000, Bittrex, 
20161017, 150000, Bittrex, 
20161017, 160000, Bittrex, 
20161017, 170000, Bittrex, 
20161017, 180000, Bittrex, 
20161017, 190000, Bittrex, 
20161017, 200000, Bittrex, 
20161017, 210000, Bittrex, 
20161017, 220000, Bittrex, 
20161017, 230000, Bittrex, 
20161018, 000000, Bittrex, 
20161018, 010000, Bittrex, 
20161018, 020000, Bittrex, 
20161018, 030000, Bittrex, 
20161018, 040000, Bittrex, 
20161018, 050000, Bittrex, 
20161018, 060000, Bittrex, 
20161018, 070000, Bittrex, 
20161018, 080000, Bittrex, 
20161018, 090000, Bittrex, 
20161018, 100000, Bittrex, 
20161018, 110000, Bittrex, 
20161018, 120000, Bittrex, 
20161018, 130000, Bittrex, 
20161018, 140000, Bittrex, 
20161018, 150000, Bittrex, 
20161018, 160000, Bittrex, 
20161018, 170000, Bittrex, 
20161018, 180000, Bittrex, 
20161018, 190000, Bittrex, 
20161018, 200000, Bittrex, 
20161018, 210000, Bittrex, 
20161018, 220000, Bittrex, 
20161018, 230000, Bittrex, 
20161019, 000000, Bittrex, 
20161019, 010000, Bittrex, 
20161019, 020000, Bittrex, 
20161019, 030000, Bittrex, 
20161019, 040000, Bittrex, 
20161019, 050000, Bittrex, 
20161019, 060000, Bittrex, 
20161019, 070000, Bittrex, 
20161019, 080000, Bittrex, 
20161019, 090000, Bittrex, 
20161019, 100000, Bittrex, 
20161019, 110000, Bittrex, 
20161019, 120000, Bittrex, 
20161019, 130000, Bittrex, 
20161019, 140000, Bittrex, 
20161019, 150000, Bittrex, 
20161019, 160000, Bittrex, 
20161019, 170000, Bittrex, 
20161019, 180000, Bittrex, 
20161019, 190000, Bittrex, 
20161019, 200000, Bittrex, 
20161019, 210000, Bittrex, 
20161019, 220000, Bittrex, 
20161019, 230000, Bittrex, 
20161020, 000000, Bittrex, 
20161020, 010000, Bittrex, 
20161020, 020000, Bittrex, 
20161020, 030000, Bittrex, 
20161020, 040000, Bittrex, 
20161020, 050000, Bittrex, 
20161020, 060000, Bittrex, 
20161020, 070000, Bittrex, 
20161020, 080000, Bittrex, 
20161020, 090000, Bittrex, 
20161020, 100000, Bittrex, 
20161020, 110000, Bittrex, 
20161020, 120000, Bittrex, 
20161020, 130000, Bittrex, 
20161020, 140000, Bittrex, 
20161020, 150000, Bittrex, 
20161020, 160000, Bittrex, 
20161020, 170000, Bittrex, 
20161020, 180000, Bittrex, 
20161020, 190000, Bittrex, 
20161020, 200000, Bittrex, 
20161020, 210000, Bittrex, 
20161020, 220000, Bittrex, 
20161020, 230000, Bittrex, 
20161021, 000000, Bittrex, 
20161021, 010000, Bittrex, 
20161021, 020000, Bittrex, 
20161021, 030000, Bittrex, 
20161021, 040000, Bittrex, 
20161021, 050000, Bittrex, 
20161021, 060000, Bittrex, 
20161021, 070000, Bittrex, 
20161021, 080000, Bittrex, 
20161021, 090000, Bittrex, 
20161021, 100000, Bittrex, 
20161021, 110000, Bittrex, 
20161021, 120000, Bittrex, 
20161021, 130000, Bittrex, 
20161021, 140000, Bittrex, 
20161021, 150000, Bittrex, 
20161021, 160000, Bittrex, 
20161021, 170000, Bittrex, 
20161021, 180000, Bittrex, 
20161021, 190000, Bittrex, 
20161021, 200000, Bittrex, 
20161021, 210000, Bittrex, 
20161021, 220000, Bittrex, 
20161021, 230000, Bittrex, 
20161022, 000000, Bittrex, 
20161022, 010000, Bittrex, 
20161022, 020000, Bittrex, 
20161022, 030000, Bittrex, 
20161022, 040000, Bittrex, 
20161022, 050000, Bittrex, 
20161022, 060000, Bittrex, 
20161022, 070000, Bittrex, 
20161022, 080000, Bittrex, 
20161022, 090000, Bittrex, 
20161022, 100000, Bittrex, 
20161022, 110000, Bittrex, 
20161022, 120000, Bittrex, 
20161022, 130000, Bittrex, 
20161022, 140000, Bittrex, 
20161022, 150000, Bittrex, 
20161022, 160000, Bittrex, 
20161022, 170000, Bittrex, 
20161022, 180000, Bittrex, 
20161022, 190000, Bittrex, 
20161022, 200000, Bittrex, 
20161022, 210000, Bittrex, 
20161022, 220000, Bittrex, 
20161022, 230000, Bittrex, 
20161023, 000000, Bittrex, 
20161023, 010000, Bittrex, 
20161023, 020000, Bittrex, 
20161023, 030000, Bittrex, 
20161023, 040000, Bittrex, 
20161023, 050000, Bittrex, 
20161023, 060000, Bittrex, 
20161023, 070000, Bittrex, 
20161023, 080000, Bittrex, 
20161023, 090000, Bittrex, 
20161023, 100000, Bittrex, 
20161023, 110000, Bittrex, 
20161023, 120000, Bittrex, 
20161023, 130000, Bittrex, 
20161023, 140000, Bittrex, 
20161023, 150000, Bittrex, 
20161023, 160000, Bittrex, 
20161023, 170000, Bittrex, 
20161023, 180000, Bittrex, 
20161023, 190000, Bittrex, 
20161023, 200000, Bittrex, 
20161023, 210000, Bittrex, 
20161023, 220000, Bittrex, 
20161023, 230000, Bittrex, 
20161024, 000000, Bittrex, 
20161024, 010000, Bittrex, 
20161024, 020000, Bittrex, 
20161024, 030000, Bittrex, 
20161024, 040000, Bittrex, 
20161024, 050000, Bittrex, 
20161024, 060000, Bittrex, 
20161024, 070000, Bittrex, 
20161024, 080000, Bittrex, 
20161024, 090000, Bittrex, 
20161024, 100000, Bittrex, 
20161024, 110000, Bittrex, 
20161024, 120000, Bittrex, 
20161024, 130000, Bittrex, 
20161024, 140000, Bittrex, 
20161024, 150000, Bittrex, 
20161024, 160000, Bittrex, 
20161024, 170000, Bittrex, 
20161024, 180000, Bittrex, 
20161024, 190000, Bittrex, 
20161024, 200000, Bittrex, 
20161024, 210000, Bittrex, 
20161024, 220000, Bittrex, 
20161024, 230000, Bittrex, 
20161025, 000000, Bittrex, 
20161025, 010000, Bittrex, 
20161025, 020000, Bittrex, 
20161025, 030000, Bittrex, 
20161025, 040000, Bittrex, 
20161025, 050000, Bittrex, 
20161025, 060000, Bittrex, 
20161025, 070000, Bittrex, 
20161025, 080000, Bittrex, 
20161025, 090000, Bittrex, 
20161025, 100000, Bittrex, 
20161025, 110000, Bittrex, 
20161025, 120000, Bittrex, 
20161025, 130000, Bittrex, 
20161025, 140000, Bittrex, 
20161025, 150000, Bittrex, 
20161025, 160000, Bittrex, 
20161025, 170000, Bittrex, 
20161025, 180000, Bittrex, 
20161025, 190000, Bittrex, 
20161025, 200000, Bittrex, 
20161025, 210000, Bittrex, 
20161025, 220000, Bittrex, 
20161025, 230000, Bittrex, 
20161026, 000000, Bittrex, 
20161026, 010000, Bittrex, 
20161026, 020000, Bittrex, 
20161026, 030000, Bittrex, 
20161026, 040000, Bittrex, 
20161026, 050000, Bittrex, 
20161026, 060000, Bittrex, 
20161026, 070000, Bittrex, 
20161026, 080000, Bittrex, 
20161026, 090000, Bittrex, 
20161026, 100000, Bittrex, 
20161026, 110000, Bittrex, 
20161026, 120000, Bittrex, 
20161026, 130000, Bittrex, 
20161026, 140000, Bittrex, 
20161026, 150000, Bittrex, 
20161026, 160000, Bittrex, 
20161026, 170000, Bittrex, 
20161026, 180000, Bittrex, 
20161026, 190000, Bittrex, 
20161026, 200000, Bittrex, 
20161026, 210000, Bittrex, 
20161026, 220000, Bittrex, 
20161026, 230000, Bittrex, 
20161027, 000000, Bittrex, 
20161027, 010000, Bittrex, 
20161027, 020000, Bittrex, 
20161027, 030000, Bittrex, 
20161027, 040000, Bittrex, 
20161027, 050000, Bittrex, 
20161027, 060000, Bittrex, 
20161027, 070000, Bittrex, 
20161027, 080000, Bittrex, 
20161027, 090000, Bittrex, 
20161027, 100000, Bittrex, 
20161027, 110000, Bittrex, 
20161027, 120000, Bittrex, 
20161027, 130000, Bittrex, 
20161027, 140000, Bittrex, 
20161027, 150000, Bittrex, 
20161027, 160000, Bittrex, 
20161027, 170000, Bittrex, 
20161027, 180000, Bittrex, 
20161027, 190000, Bittrex, 
20161027, 200000, Bittrex, 
20161027, 210000, Bittrex, 
20161027, 220000, Bittrex, 
20161027, 230000, Bittrex, 
20161028, 000000, Bittrex, 
20161028, 010000, Bittrex, 
20161028, 020000, Bittrex, 
20161028, 030000, Bittrex, 
20161028, 040000, Bittrex, 
20161028, 050000, Bittrex, 
20161028, 060000, Bittrex, 
20161028, 070000, Bittrex, 
20161028, 080000, Bittrex, 
20161028, 090000, Bittrex, 
20161028, 100000, Bittrex, 
20161028, 110000, Bittrex, 
20161028, 120000, Bittrex, 
20161028, 130000, Bittrex, 
20161028, 140000, Bittrex, 
20161028, 150000, Bittrex, 
20161028, 160000, Bittrex, 
20161028, 170000, Bittrex, 
20161028, 180000, Bittrex, 
20161028, 190000, Bittrex, 
20161028, 200000, Bittrex, 
20161028, 210000, Bittrex, 
20161028, 220000, Bittrex, 
20161028, 230000, Bittrex, 
20161029, 000000, Bittrex, 
20161029, 010000, Bittrex, 
20161029, 020000, Bittrex, 
20161029, 030000, Bittrex, 
20161029, 040000, Bittrex, 
20161029, 050000, Bittrex, 
20161029, 060000, Bittrex, 
20161029, 070000, Bittrex, 
20161029, 080000, Bittrex, 
20161029, 090000, Bittrex, 
20161029, 100000, Bittrex, 
20161029, 110000, Bittrex, 
20161029, 120000, Bittrex, 
20161029, 130000, Bittrex, 
20161029, 140000, Bittrex, 
20161029, 150000, Bittrex, 
20161029, 160000, Bittrex, 
20161029, 170000, Bittrex, 
20161029, 180000, Bittrex, 
20161029, 190000, Bittrex, 
20161029, 200000, Bittrex, 
20161029, 210000, Bittrex, 
20161029, 220000, Bittrex, 
20161029, 230000, Bittrex, 
20161030, 000000, Bittrex, 
20161030, 010000, Bittrex, 
20161030, 020000, Bittrex, 
20161030, 030000, Bittrex, 
20161030, 040000, Bittrex, 
20161030, 050000, Bittrex, 
20161030, 060000, Bittrex, 
20161030, 070000, Bittrex, 
20161030, 080000, Bittrex, 
20161030, 090000, Bittrex, 
20161030, 100000, Bittrex, 
20161030, 110000, Bittrex, 
20161030, 120000, Bittrex, 
20161030, 130000, Bittrex, 
20161030, 140000, Bittrex, 
20161030, 150000, Bittrex, 
20161030, 160000, Bittrex, 
20161030, 170000, Bittrex, 
20161030, 180000, Bittrex, 
20161030, 190000, Bittrex, 
20161030, 200000, Bittrex, 
20161030, 210000, Bittrex, 
20161030, 220000, Bittrex, 
20161030, 230000, Bittrex, 
20161031, 000000, Bittrex, 
20161031, 010000, Bittrex, 
20161031, 020000, Bittrex, 
20161031, 030000, Bittrex, 
20161031, 040000, Bittrex, 
20161031, 050000, Bittrex, 
20161031, 060000, Bittrex, 
20161031, 070000, Bittrex, 
20161031, 080000, Bittrex, 
20161031, 090000, Bittrex, 
20161031, 100000, Bittrex, 
20161031, 110000, Bittrex, 
20161031, 120000, Bittrex, 
20161031, 130000, Bittrex, 
20161031, 140000, Bittrex, 
20161031, 150000, Bittrex, 
20161031, 160000, Bittrex, 
20161031, 170000, Bittrex, 
20161031, 180000, Bittrex, 
20161031, 190000, Bittrex, 
20161031, 200000, Bittrex, 
20161031, 210000, Bittrex, 
20161031, 220000, Bittrex, 
20161031, 230000, Bittrex, 
20161101, 000000, Bittrex, 
20161101, 010000, Bittrex, 
20161101, 020000, Bittrex, 
20161101, 030000, Bittrex, 
20161101, 040000, Bittrex, 
20161101, 050000, Bittrex, 
20161101, 060000, Bittrex, 
20161101, 070000, Bittrex, 
20161101, 080000, Bittrex, 
20161101, 090000, Bittrex, 
20161101, 100000, Bittrex, 
20161101, 110000, Bittrex, 
20161101, 120000, Bittrex, 
20161101, 130000, Bittrex, 
20161101, 140000, Bittrex, 
20161101, 150000, Bittrex, 
20161101, 160000, Bittrex, 
20161101, 170000, Bittrex, 
20161101, 180000, Bittrex, 
20161101, 190000, Bittrex, 
20161101, 200000, Bittrex, 
20161101, 210000, Bittrex, 
20161101, 220000, Bittrex, 
20161101, 230000, Bittrex, 
20161102, 000000, Bittrex, 
20161102, 010000, Bittrex, 
20161102, 020000, Bittrex, 
20161102, 030000, Bittrex, 
20161102, 040000, Bittrex, 
20161102, 050000, Bittrex, 
20161102, 060000, Bittrex, 
20161102, 070000, Bittrex, 
20161102, 080000, Bittrex, 
20161102, 090000, Bittrex, 
20161102, 100000, Bittrex, 
20161102, 110000, Bittrex, 
20161102, 120000, Bittrex, 
20161102, 130000, Bittrex, 
20161102, 140000, Bittrex, 
20161102, 150000, Bittrex, 
20161102, 160000, Bittrex, 
20161102, 170000, Bittrex, 
20161102, 180000, Bittrex, 
20161102, 190000, Bittrex, 
20161102, 200000, Bittrex, 
20161102, 210000, Bittrex, 
20161102, 220000, Bittrex, 
20161102, 230000, Bittrex, 
20161103, 000000, Bittrex, 
20161103, 010000, Bittrex, 
20161103, 020000, Bittrex, 
20161103, 030000, Bittrex, 
20161103, 040000, Bittrex, 
20161103, 050000, Bittrex, 
20161103, 060000, Bittrex, 
20161103, 070000, Bittrex, 
20161103, 080000, Bittrex, 
20161103, 090000, Bittrex, 
20161103, 100000, Bittrex, 
20161103, 110000, Bittrex, 
20161103, 120000, Bittrex, 
20161103, 130000, Bittrex, 
20161103, 140000, Bittrex, 
20161103, 150000, Bittrex, 
20161103, 160000, Bittrex, 
20161103, 170000, Bittrex, 
20161103, 180000, Bittrex, 
20161103, 190000, Bittrex, 
20161103, 200000, Bittrex, 
20161103, 210000, Bittrex, 
20161103, 220000, Bittrex, 
20161103, 230000, Bittrex, 
20161104, 000000, Bittrex, 
20161104, 010000, Bittrex, 
20161104, 020000, Bittrex, 
20161104, 030000, Bittrex, 
20161104, 040000, Bittrex, 
20161104, 050000, Bittrex, 
20161104, 060000, Bittrex, 
20161104, 070000, Bittrex, 
20161104, 080000, Bittrex, 
20161104, 090000, Bittrex, 
20161104, 100000, Bittrex, 
20161104, 110000, Bittrex, 
20161104, 120000, Bittrex, 
20161104, 130000, Bittrex, 
20161104, 140000, Bittrex, 
20161104, 150000, Bittrex, 
20161104, 160000, Bittrex, 
20161104, 170000, Bittrex, 
20161104, 180000, Bittrex, 
20161104, 190000, Bittrex, 
20161104, 200000, Bittrex, 
20161104, 210000, Bittrex, 
20161104, 220000, Bittrex, 
20161104, 230000, Bittrex, 
20161105, 000000, Bittrex, 
20161105, 010000, Bittrex, 
20161105, 020000, Bittrex, 
20161105, 030000, Bittrex, 
20161105, 040000, Bittrex, 
20161105, 050000, Bittrex, 
20161105, 060000, Bittrex, 
20161105, 070000, Bittrex, 
20161105, 080000, Bittrex, 
20161105, 090000, Bittrex, 
20161105, 100000, Bittrex, 
20161105, 110000, Bittrex, 
20161105, 120000, Bittrex, 
20161105, 130000, Bittrex, 
20161105, 140000, Bittrex, 
20161105, 150000, Bittrex, 
20161105, 160000, Bittrex, 
20161105, 170000, Bittrex, 
20161105, 180000, Bittrex, 
20161105, 190000, Bittrex, 
20161105, 200000, Bittrex, 
20161105, 210000, Bittrex, 
20161105, 220000, Bittrex, 
20161105, 230000, Bittrex, 
20161106, 000000, Bittrex, 
20161106, 010000, Bittrex, 
20161106, 010000, Bittrex, 
20161106, 020000, Bittrex, 
20161106, 030000, Bittrex, 
20161106, 040000, Bittrex, 
20161106, 050000, Bittrex, 
20161106, 060000, Bittrex, 
20161106, 070000, Bittrex, 
20161106, 080000, Bittrex, 
20161106, 090000, Bittrex, 
20161106, 100000, Bittrex, 
20161106, 110000, Bittrex, 
20161106, 120000, Bittrex, 
20161106, 130000, Bittrex, 
20161106, 140000, Bittrex, 
20161106, 150000, Bittrex, 
20161106, 160000, Bittrex, 
20161106, 170000, Bittrex, 
20161106, 180000, Bittrex, 
20161106, 190000, Bittrex, 
20161106, 200000, Bittrex, 
20161106, 210000, Bittrex, 
20161106, 220000, Bittrex, 
20161106, 230000, Bittrex, 
20161107, 000000, Bittrex, 
20161107, 010000, Bittrex, 
20161107, 020000, Bittrex, 
20161107, 030000, Bittrex, 
20161107, 040000, Bittrex, 
20161107, 050000, Bittrex, 
20161107, 060000, Bittrex, 
20161107, 070000, Bittrex, 
20161107, 080000, Bittrex, 
20161107, 090000, Bittrex, 
20161107, 100000, Bittrex, 
20161107, 110000, Bittrex, 
20161107, 120000, Bittrex, 
20161107, 130000, Bittrex, 
20161107, 140000, Bittrex, 
20161107, 150000, Bittrex, 
20161107, 160000, Bittrex, 
20161107, 170000, Bittrex, 
20161107, 180000, Bittrex, 
20161107, 190000, Bittrex, 
20161107, 200000, Bittrex, 
20161107, 210000, Bittrex, 
20161107, 220000, Bittrex, 
20161107, 230000, Bittrex, 
20161108, 000000, Bittrex, 
20161108, 010000, Bittrex, 
20161108, 020000, Bittrex, 
20161108, 030000, Bittrex, 
20161108, 040000, Bittrex, 
20161108, 050000, Bittrex, 
20161108, 060000, Bittrex, 
20161108, 070000, Bittrex, 
20161108, 080000, Bittrex, 
20161108, 090000, Bittrex, 
20161108, 100000, Bittrex, 
20161108, 110000, Bittrex, 
20161108, 120000, Bittrex, 
20161108, 130000, Bittrex, 
20161108, 140000, Bittrex, 
20161108, 150000, Bittrex, 
20161108, 160000, Bittrex, 
20161108, 170000, Bittrex, 
20161108, 180000, Bittrex, 
20161108, 190000, Bittrex, 
20161108, 200000, Bittrex, 
20161108, 210000, Bittrex, 
20161108, 220000, Bittrex, 
20161108, 230000, Bittrex, 
20161109, 000000, Bittrex, 
20161109, 010000, Bittrex, 
20161109, 020000, Bittrex, 
20161109, 030000, Bittrex, 
20161109, 040000, Bittrex, 
20161109, 050000, Bittrex, 
20161109, 060000, Bittrex, 
20161109, 070000, Bittrex, 
20161109, 080000, Bittrex, 
20161109, 090000, Bittrex, 
20161109, 100000, Bittrex, 
20161109, 110000, Bittrex, 
20161109, 120000, Bittrex, 
20161109, 130000, Bittrex, 
20161109, 140000, Bittrex, 
20161109, 150000, Bittrex, 
20161109, 160000, Bittrex, 
20161109, 170000, Bittrex, 
20161109, 180000, Bittrex, 
20161109, 190000, Bittrex, 
20161109, 200000, Bittrex, 
20161109, 210000, Bittrex, 
20161109, 220000, Bittrex, 
20161109, 230000, Bittrex, 
20161110, 000000, Bittrex, 
20161110, 010000, Bittrex, 
20161110, 020000, Bittrex, 
20161110, 030000, Bittrex, 
20161110, 040000, Bittrex, 
20161110, 050000, Bittrex, 
20161110, 060000, Bittrex, 
20161110, 070000, Bittrex, 
20161110, 080000, Bittrex, 
20161110, 090000, Bittrex, 
20161110, 100000, Bittrex, 
20161110, 110000, Bittrex, 
20161110, 120000, Bittrex, 
20161110, 130000, Bittrex, 
20161110, 140000, Bittrex, 
20161110, 150000, Bittrex, 
20161110, 160000, Bittrex, 
20161110, 170000, Bittrex, 
20161110, 180000, Bittrex, 
20161110, 190000, Bittrex, 
20161110, 200000, Bittrex, 
20161110, 210000, Bittrex, 
20161110, 220000, Bittrex, 
20161110, 230000, Bittrex, 
20161111, 000000, Bittrex, 
20161111, 010000, Bittrex, 
20161111, 020000, Bittrex, 
20161111, 030000, Bittrex, 
20161111, 040000, Bittrex, 
20161111, 050000, Bittrex, 
20161111, 060000, Bittrex, 
20161111, 070000, Bittrex, 
20161111, 080000, Bittrex, 
20161111, 090000, Bittrex, 
20161111, 100000, Bittrex, 
20161111, 110000, Bittrex, 
20161111, 120000, Bittrex, 
20161111, 130000, Bittrex, 
20161111, 140000, Bittrex, 
20161111, 150000, Bittrex, 
20161111, 160000, Bittrex, 
20161111, 170000, Bittrex, 
20161111, 180000, Bittrex, 
20161111, 190000, Bittrex, 
20161111, 200000, Bittrex, 
20161111, 210000, Bittrex, 
20161111, 220000, Bittrex, 
20161111, 230000, Bittrex, 
20161112, 000000, Bittrex, 
20161112, 010000, Bittrex, 
20161112, 020000, Bittrex, 
20161112, 030000, Bittrex, 
20161112, 040000, Bittrex, 
20161112, 050000, Bittrex, 
20161112, 060000, Bittrex, 
20161112, 070000, Bittrex, 
20161112, 080000, Bittrex, 
20161112, 090000, Bittrex, 
20161112, 100000, Bittrex, 
20161112, 110000, Bittrex, 
20161112, 120000, Bittrex, 
20161112, 130000, Bittrex, 
20161112, 140000, Bittrex, 
20161112, 150000, Bittrex, 
20161112, 160000, Bittrex, 
20161112, 170000, Bittrex, 
20161112, 180000, Bittrex, 
20161112, 190000, Bittrex, 
20161112, 200000, Bittrex, 
20161112, 210000, Bittrex, 
20161112, 220000, Bittrex, 
20161112, 230000, Bittrex, 
20161113, 000000, Bittrex, 
20161113, 010000, Bittrex, 
20161113, 020000, Bittrex, 
20161113, 030000, Bittrex, 
20161113, 040000, Bittrex, 
20161113, 050000, Bittrex, 
20161113, 060000, Bittrex, 
20161113, 070000, Bittrex, 
20161113, 080000, Bittrex, 
20161113, 090000, Bittrex, 
20161113, 100000, Bittrex, 
20161113, 110000, Bittrex, 
20161113, 120000, Bittrex, 
20161113, 130000, Bittrex, 
20161113, 140000, Bittrex, 
20161113, 150000, Bittrex, 
20161113, 160000, Bittrex, 
20161113, 170000, Bittrex, 
20161113, 180000, Bittrex, 
20161113, 190000, Bittrex, 
20161113, 200000, Bittrex, 
20161113, 210000, Bittrex, 
20161113, 220000, Bittrex, 
20161113, 230000, Bittrex, 
20161114, 000000, Bittrex, 
20161114, 010000, Bittrex, 
20161114, 020000, Bittrex, 
20161114, 030000, Bittrex, 
20161114, 040000, Bittrex, 
20161114, 050000, Bittrex, 
20161114, 060000, Bittrex, 
20161114, 070000, Bittrex, 
20161114, 080000, Bittrex, 
20161114, 090000, Bittrex, 
20161114, 100000, Bittrex, 
20161114, 110000, Bittrex, 
20161114, 120000, Bittrex, 
20161114, 130000, Bittrex, 
20161114, 140000, Bittrex, 
20161114, 150000, Bittrex, 
20161114, 160000, Bittrex, 
20161114, 170000, Bittrex, 
20161114, 180000, Bittrex, 
20161114, 190000, Bittrex, 
20161114, 200000, Bittrex, 
20161114, 210000, Bittrex, 
20161114, 220000, Bittrex, 
20161114, 230000, Bittrex, 
20161115, 000000, Bittrex, 
20161115, 010000, Bittrex, 
20161115, 020000, Bittrex, 
20161115, 030000, Bittrex, 
20161115, 040000, Bittrex, 
20161115, 050000, Bittrex, 
20161115, 060000, Bittrex, 
20161115, 070000, Bittrex, 
20161115, 080000, Bittrex, 
20161115, 090000, Bittrex, 
20161115, 100000, Bittrex, 
20161115, 110000, Bittrex, 
20161115, 120000, Bittrex, 
20161115, 130000, Bittrex, 
20161115, 140000, Bittrex, 
20161115, 150000, Bittrex, 
20161115, 160000, Bittrex, 
20161115, 170000, Bittrex, 
20161115, 180000, Bittrex, 
20161115, 190000, Bittrex, 
20161115, 200000, Bittrex, 
20161115, 210000, Bittrex, 
20161115, 220000, Bittrex, 
20161115, 230000, Bittrex, 
20161116, 000000, Bittrex, 
20161116, 010000, Bittrex, 
20161116, 020000, Bittrex, 
20161116, 030000, Bittrex, 
20161116, 040000, Bittrex, 
20161116, 050000, Bittrex, 
20161116, 060000, Bittrex, 
20161116, 070000, Bittrex, 
20161116, 080000, Bittrex, 
20161116, 090000, Bittrex, 
20161116, 100000, Bittrex, 
20161116, 110000, Bittrex, 
20161116, 120000, Bittrex, 
20161116, 130000, Bittrex, 
20161116, 140000, Bittrex, 
20161116, 150000, Bittrex, 
20161116, 160000, Bittrex, 
20161116, 170000, Bittrex, 
20161116, 180000, Bittrex, 
20161116, 190000, Bittrex, 
20161116, 200000, Bittrex, 
20161116, 210000, Bittrex, 
20161116, 220000, Bittrex, 
20161116, 230000, Bittrex, 
20161117, 000000, Bittrex, 
20161117, 010000, Bittrex, 
20161117, 020000, Bittrex, 
20161117, 030000, Bittrex, 
20161117, 040000, Bittrex, 
20161117, 050000, Bittrex, 
20161117, 060000, Bittrex, 
20161117, 070000, Bittrex, 
20161117, 080000, Bittrex, 
20161117, 090000, Bittrex, 
20161117, 100000, Bittrex, 
20161117, 110000, Bittrex, 
20161117, 120000, Bittrex, 
20161117, 130000, Bittrex, 
20161117, 140000, Bittrex, 
20161117, 150000, Bittrex, 
20161117, 160000, Bittrex, 
20161117, 170000, Bittrex, 
20161117, 180000, Bittrex, 
20161117, 190000, Bittrex, 
20161117, 200000, Bittrex, 
20161117, 210000, Bittrex, 
20161117, 220000, Bittrex, 
20161117, 230000, Bittrex, 
20161118, 000000, Bittrex, 
20161118, 010000, Bittrex, 
20161118, 020000, Bittrex, 
20161118, 030000, Bittrex, 
20161118, 040000, Bittrex, 
20161118, 050000, Bittrex, 
20161118, 060000, Bittrex, 
20161118, 070000, Bittrex, 
20161118, 080000, Bittrex, 
20161118, 090000, Bittrex, 
20161118, 100000, Bittrex, 
20161118, 110000, Bittrex, 
20161118, 120000, Bittrex, 
20161118, 130000, Bittrex, 
20161118, 140000, Bittrex, 
20161118, 150000, Bittrex, 
20161118, 160000, Bittrex, 
20161118, 170000, Bittrex, 
20161118, 180000, Bittrex, 
20161118, 190000, Bittrex, 
20161118, 200000, Bittrex, 
20161118, 210000, Bittrex, 
20161118, 220000, Bittrex, 
20161118, 230000, Bittrex, 
20161119, 000000, Bittrex, 
20161119, 010000, Bittrex, 
20161119, 020000, Bittrex, 
20161119, 030000, Bittrex, 
20161119, 040000, Bittrex, 
20161119, 050000, Bittrex, 
20161119, 060000, Bittrex, 
20161119, 070000, Bittrex, 
20161119, 080000, Bittrex, 
20161119, 090000, Bittrex, 
20161119, 100000, Bittrex, 
20161119, 110000, Bittrex, 
20161119, 120000, Bittrex, 
20161119, 130000, Bittrex, 
20161119, 140000, Bittrex, 
20161119, 150000, Bittrex, 
20161119, 160000, Bittrex, 
20161119, 170000, Bittrex, 
20161119, 180000, Bittrex, 
20161119, 190000, Bittrex, 
20161119, 200000, Bittrex, 
20161119, 210000, Bittrex, 
20161119, 220000, Bittrex, 
20161119, 230000, Bittrex, 
20161120, 000000, Bittrex, 
20161120, 010000, Bittrex, 
20161120, 020000, Bittrex, 
20161120, 030000, Bittrex, 
20161120, 040000, Bittrex, 
20161120, 050000, Bittrex, 
20161120, 060000, Bittrex, 
20161120, 070000, Bittrex, 
20161120, 080000, Bittrex, 
20161120, 090000, Bittrex, 
20161120, 100000, Bittrex, 
20161120, 110000, Bittrex, 
20161120, 120000, Bittrex, 
20161120, 130000, Bittrex, 
20161120, 140000, Bittrex, 
20161120, 150000, Bittrex, 
20161120, 160000, Bittrex, 
20161120, 170000, Bittrex, 
20161120, 180000, Bittrex, 
20161120, 190000, Bittrex, 
20161120, 200000, Bittrex, 
20161120, 210000, Bittrex, 
20161120, 220000, Bittrex, 
20161120, 230000, Bittrex, 
20161121, 000000, Bittrex, 
20161121, 010000, Bittrex, 
20161121, 020000, Bittrex, 
20161121, 030000, Bittrex, 
20161121, 040000, Bittrex, 
20161121, 050000, Bittrex, 
20161121, 060000, Bittrex, 
20161121, 070000, Bittrex, 
20161121, 080000, Bittrex, 
20161121, 090000, Bittrex, 
20161121, 100000, Bittrex, 
20161121, 110000, Bittrex, 
20161121, 120000, Bittrex, 
20161121, 130000, Bittrex, 
20161121, 140000, Bittrex, 
20161121, 150000, Bittrex, 
20161121, 160000, Bittrex, 
20161121, 170000, Bittrex, 
20161121, 180000, Bittrex, 
20161121, 190000, Bittrex, 
20161121, 200000, Bittrex, 
20161121, 210000, Bittrex, 
20161121, 220000, Bittrex, 
20161121, 230000, Bittrex, 
20161122, 000000, Bittrex, 
20161122, 010000, Bittrex, 
20161122, 020000, Bittrex, 
20161122, 030000, Bittrex, 
20161122, 040000, Bittrex, 
20161122, 050000, Bittrex, 
20161122, 060000, Bittrex, 
20161122, 070000, Bittrex, 
20161122, 080000, Bittrex, 
20161122, 090000, Bittrex, 
20161122, 100000, Bittrex, 
20161122, 110000, Bittrex, 
20161122, 120000, Bittrex, 
20161122, 130000, Bittrex, 
20161122, 140000, Bittrex, 
20161122, 150000, Bittrex, 
20161122, 160000, Bittrex, 
20161122, 170000, Bittrex, 
20161122, 180000, Bittrex, 
20161122, 190000, Bittrex, 
20161122, 200000, Bittrex, 
20161122, 210000, Bittrex, 
20161122, 220000, Bittrex, 
20161122, 230000, Bittrex, 
20161123, 000000, Bittrex, 
20161123, 010000, Bittrex, 
20161123, 020000, Bittrex, 
20161123, 030000, Bittrex, 
20161123, 040000, Bittrex, 
20161123, 050000, Bittrex, 
20161123, 060000, Bittrex, 
20161123, 070000, Bittrex, 
20161123, 080000, Bittrex, 
20161123, 090000, Bittrex, 
20161123, 100000, Bittrex, 
20161123, 110000, Bittrex, 
20161123, 120000, Bittrex, 
20161123, 130000, Bittrex, 
20161123, 140000, Bittrex, 
20161123, 150000, Bittrex, 
20161123, 160000, Bittrex, 
20161123, 170000, Bittrex, 
20161123, 180000, Bittrex, 
20161123, 190000, Bittrex, 
20161123, 200000, Bittrex, 
20161123, 210000, Bittrex, 
20161123, 220000, Bittrex, 
20161123, 230000, Bittrex, 
20161124, 000000, Bittrex, 
20161124, 010000, Bittrex, 
20161124, 020000, Bittrex, 
20161124, 030000, Bittrex, 
20161124, 040000, Bittrex, 
20161124, 050000, Bittrex, 
20161124, 060000, Bittrex, 
20161124, 070000, Bittrex, 
20161124, 080000, Bittrex, 
20161124, 090000, Bittrex, 
20161124, 100000, Bittrex, 
20161124, 110000, Bittrex, 
20161124, 120000, Bittrex, 
20161124, 130000, Bittrex, 
20161124, 140000, Bittrex, 
20161124, 150000, Bittrex, 
20161124, 160000, Bittrex, 
20161124, 170000, Bittrex, 
20161124, 180000, Bittrex, 
20161124, 190000, Bittrex, 
20161124, 200000, Bittrex, 
20161124, 210000, Bittrex, 
20161124, 220000, Bittrex, 
20161124, 230000, Bittrex, 
20161125, 000000, Bittrex, 
20161125, 010000, Bittrex, 
20161125, 020000, Bittrex, 
20161125, 030000, Bittrex, 
20161125, 040000, Bittrex, 
20161125, 050000, Bittrex, 
20161125, 060000, Bittrex, 
20161125, 070000, Bittrex, 
20161125, 080000, Bittrex, 
20161125, 090000, Bittrex, 
20161125, 100000, Bittrex, 
20161125, 110000, Bittrex, 
20161125, 120000, Bittrex, 
20161125, 130000, Bittrex, 
20161125, 140000, Bittrex, 
20161125, 150000, Bittrex, 
20161125, 160000, Bittrex, 
20161125, 170000, Bittrex, 
20161125, 180000, Bittrex, 
20161125, 190000, Bittrex, 
20161125, 200000, Bittrex, 
20161125, 210000, Bittrex, 
20161125, 220000, Bittrex, 
20161125, 230000, Bittrex, 
20161126, 000000, Bittrex, 
20161126, 010000, Bittrex, 
20161126, 020000, Bittrex, 
20161126, 030000, Bittrex, 
20161126, 040000, Bittrex, 
20161126, 050000, Bittrex, 
20161126, 060000, Bittrex, 
20161126, 070000, Bittrex, 
20161126, 080000, Bittrex, 
20161126, 090000, Bittrex, 
20161126, 100000, Bittrex, 
20161126, 110000, Bittrex, 
20161126, 120000, Bittrex, 
20161126, 130000, Bittrex, 
20161126, 140000, Bittrex, 
20161126, 150000, Bittrex, 
20161126, 160000, Bittrex, 
20161126, 170000, Bittrex, 
20161126, 180000, Bittrex, 
20161126, 190000, Bittrex, 
20161126, 200000, Bittrex, 
20161126, 210000, Bittrex, 
20161126, 220000, Bittrex, 
20161126, 230000, Bittrex, 
20161127, 000000, Bittrex, 
20161127, 010000, Bittrex, 
20161127, 020000, Bittrex, 
20161127, 030000, Bittrex, 
20161127, 040000, Bittrex, 
20161127, 050000, Bittrex, 
20161127, 060000, Bittrex, 
20161127, 070000, Bittrex, 
20161127, 080000, Bittrex, 
20161127, 090000, Bittrex, 
20161127, 100000, Bittrex, 
20161127, 110000, Bittrex, 
20161127, 120000, Bittrex, 
20161127, 130000, Bittrex, 
20161127, 140000, Bittrex, 
20161127, 150000, Bittrex, 
20161127, 160000, Bittrex, 
20161127, 170000, Bittrex, 
20161127, 180000, Bittrex, 
20161127, 190000, Bittrex, 
20161127, 200000, Bittrex, 
20161127, 210000, Bittrex, 
20161127, 220000, Bittrex, 
20161127, 230000, Bittrex, 
20161128, 000000, Bittrex, 
20161128, 010000, Bittrex, 
20161128, 020000, Bittrex, 
20161128, 030000, Bittrex, 
20161128, 040000, Bittrex, 
20161128, 050000, Bittrex, 
20161128, 060000, Bittrex, 
20161128, 070000, Bittrex, 
20161128, 080000, Bittrex, 
20161128, 090000, Bittrex, 
20161128, 100000, Bittrex, 
20161128, 110000, Bittrex, 
20161128, 120000, Bittrex, 
20161128, 130000, Bittrex, 
20161128, 140000, Bittrex, 
20161128, 150000, Bittrex, 
20161128, 160000, Bittrex, 
20161128, 170000, Bittrex, 
20161128, 180000, Bittrex, 
20161128, 190000, Bittrex, 
20161128, 200000, Bittrex, 
20161128, 210000, Bittrex, 
20161128, 220000, Bittrex, 
20161128, 230000, Bittrex, 
20161129, 000000, Bittrex, 
20161129, 010000, Bittrex, 
20161129, 020000, Bittrex, 
20161129, 030000, Bittrex, 
20161129, 040000, Bittrex, 
20161129, 050000, Bittrex, 
20161129, 060000, Bittrex, 
20161129, 070000, Bittrex, 
20161129, 080000, Bittrex, 
20161129, 090000, Bittrex, 
20161129, 100000, Bittrex, 
20161129, 110000, Bittrex, 
20161129, 120000, Bittrex, 
20161129, 130000, Bittrex, 
20161129, 140000, Bittrex, 
20161129, 150000, Bittrex, 
20161129, 160000, Bittrex, 
20161129, 170000, Bittrex, 
20161129, 180000, Bittrex, 
20161129, 190000, Bittrex, 
20161129, 200000, Bittrex, 
20161129, 210000, Bittrex, 
20161129, 220000, Bittrex, 
20161129, 230000, Bittrex, 
20161130, 000000, Bittrex, 
20161130, 010000, Bittrex, 
20161130, 020000, Bittrex, 
20161130, 030000, Bittrex, 
20161130, 040000, Bittrex, 
20161130, 050000, Bittrex, 
20161130, 060000, Bittrex, 
20161130, 070000, Bittrex, 
20161130, 080000, Bittrex, 
20161130, 090000, Bittrex, 
20161130, 100000, Bittrex, 
20161130, 110000, Bittrex, 
20161130, 120000, Bittrex, 
20161130, 130000, Bittrex, 
20161130, 140000, Bittrex, 
20161130, 150000, Bittrex, 
20161130, 160000, Bittrex, 
20161130, 170000, Bittrex, 
20161130, 180000, Bittrex, 
20161130, 190000, Bittrex, 
20161130, 200000, Bittrex, 
20161130, 210000, Bittrex, 
20161130, 220000, Bittrex, 
20161130, 230000, Bittrex, 
20161201, 000000, Bittrex, 
20161201, 010000, Bittrex, 
20161201, 020000, Bittrex, 
20161201, 030000, Bittrex, 
20161201, 040000, Bittrex, 
20161201, 050000, Bittrex, 
20161201, 060000, Bittrex, 
20161201, 070000, Bittrex, 
20161201, 080000, Bittrex, 
20161201, 090000, Bittrex, 
20161201, 100000, Bittrex, 
20161201, 110000, Bittrex, 
20161201, 120000, Bittrex, 
20161201, 130000, Bittrex, 
20161201, 140000, Bittrex, 
20161201, 150000, Bittrex, 
20161201, 160000, Bittrex, 
20161201, 170000, Bittrex, 
20161201, 180000, Bittrex, 
20161201, 190000, Bittrex, 
20161201, 200000, Bittrex, 
20161201, 210000, Bittrex, 
20161201, 220000, Bittrex, 
20161201, 230000, Bittrex, 
20161202, 000000, Bittrex, 
20161202, 010000, Bittrex, 
20161202, 020000, Bittrex, 
20161202, 030000, Bittrex, 
20161202, 040000, Bittrex, 
20161202, 050000, Bittrex, 
20161202, 060000, Bittrex, 
20161202, 070000, Bittrex, 
20161202, 080000, Bittrex, 
20161202, 090000, Bittrex, 
20161202, 100000, Bittrex, 
20161202, 110000, Bittrex, 
20161202, 120000, Bittrex, 
20161202, 130000, Bittrex, 
20161202, 140000, Bittrex, 
20161202, 150000, Bittrex, 
20161202, 160000, Bittrex, 
20161202, 170000, Bittrex, 
20161202, 180000, Bittrex, 
20161202, 190000, Bittrex, 
20161202, 200000, Bittrex, 
20161202, 210000, Bittrex, 
20161202, 220000, Bittrex, 
20161202, 230000, Bittrex, 
20161203, 000000, Bittrex, 
20161203, 010000, Bittrex, 
20161203, 020000, Bittrex, 
20161203, 030000, Bittrex, 
20161203, 040000, Bittrex, 
20161203, 050000, Bittrex, 
20161203, 060000, Bittrex, 
20161203, 070000, Bittrex, 
20161203, 080000, Bittrex, 
20161203, 090000, Bittrex, 
20161203, 100000, Bittrex, 
20161203, 110000, Bittrex, 
20161203, 120000, Bittrex, 
20161203, 130000, Bittrex, 
20161203, 140000, Bittrex, 
20161203, 150000, Bittrex, 
20161203, 160000, Bittrex, 
20161203, 170000, Bittrex, 
20161203, 180000, Bittrex, 
20161203, 190000, Bittrex, 
20161203, 200000, Bittrex, 
20161203, 210000, Bittrex, 
20161203, 220000, Bittrex, 
20161203, 230000, Bittrex, 
20161204, 000000, Bittrex, 
20161204, 010000, Bittrex, 
20161204, 020000, Bittrex, 
20161204, 030000, Bittrex, 
20161204, 040000, Bittrex, 
20161204, 050000, Bittrex, 
20161204, 060000, Bittrex, 
20161204, 070000, Bittrex, 
20161204, 080000, Bittrex, 
20161204, 090000, Bittrex, 
20161204, 100000, Bittrex, 
20161204, 110000, Bittrex, 
20161204, 120000, Bittrex, 
20161204, 130000, Bittrex, 
20161204, 140000, Bittrex, 
20161204, 150000, Bittrex, 
20161204, 160000, Bittrex, 
20161204, 170000, Bittrex, 
20161204, 180000, Bittrex, 
20161204, 190000, Bittrex, 
20161204, 200000, Bittrex, 
20161204, 210000, Bittrex, 
20161204, 220000, Bittrex, 
20161204, 230000, Bittrex, 
20161205, 000000, Bittrex, 
20161205, 010000, Bittrex, 
20161205, 020000, Bittrex, 
20161205, 030000, Bittrex, 
20161205, 040000, Bittrex, 
20161205, 050000, Bittrex, 
20161205, 060000, Bittrex, 
20161205, 070000, Bittrex, 
20161205, 080000, Bittrex, 
20161205, 090000, Bittrex, 
20161205, 100000, Bittrex, 
20161205, 110000, Bittrex, 
20161205, 120000, Bittrex, 
20161205, 130000, Bittrex, 
20161205, 140000, Bittrex, 
20161205, 150000, Bittrex, 
20161205, 160000, Bittrex, 
20161205, 170000, Bittrex, 
20161205, 180000, Bittrex, 
20161205, 190000, Bittrex, 
20161205, 200000, Bittrex, 
20161205, 210000, Bittrex, 
20161205, 220000, Bittrex, 
20161205, 230000, Bittrex, 
20161206, 000000, Bittrex, 
20161206, 010000, Bittrex, 
20161206, 020000, Bittrex, 
20161206, 030000, Bittrex, 
20161206, 040000, Bittrex, 
20161206, 050000, Bittrex, 
20161206, 060000, Bittrex, 
20161206, 070000, Bittrex, 
20161206, 080000, Bittrex, 
20161206, 090000, Bittrex, 
20161206, 100000, Bittrex, 
20161206, 110000, Bittrex, 
20161206, 120000, Bittrex, 
20161206, 130000, Bittrex, 
20161206, 140000, Bittrex, 
20161206, 150000, Bittrex, 
20161206, 160000, Bittrex, 
20161206, 170000, Bittrex, 
20161206, 180000, Bittrex, 
20161206, 190000, Bittrex, 
20161206, 200000, Bittrex, 
20161206, 210000, Bittrex, 
20161206, 220000, Bittrex, 
20161206, 230000, Bittrex, 
20161207, 000000, Bittrex, 
20161207, 010000, Bittrex, 
20161207, 020000, Bittrex, 
20161207, 030000, Bittrex, 
20161207, 040000, Bittrex, 
20161207, 050000, Bittrex, 
20161207, 060000, Bittrex, 
20161207, 070000, Bittrex, 
20161207, 080000, Bittrex, 
20161207, 090000, Bittrex, 
20161207, 100000, Bittrex, 
20161207, 110000, Bittrex, 
20161207, 120000, Bittrex, 
20161207, 130000, Bittrex, 
20161207, 140000, Bittrex, 
20161207, 150000, Bittrex, 
20161207, 160000, Bittrex, 
20161207, 170000, Bittrex, 
20161207, 180000, Bittrex, 
20161207, 190000, Bittrex, 
20161207, 200000, Bittrex, 
20161207, 210000, Bittrex, 
20161207, 220000, Bittrex, 
20161207, 230000, Bittrex, 
20161208, 000000, Bittrex, 
20161208, 010000, Bittrex, 
20161208, 020000, Bittrex, 
20161208, 030000, Bittrex, 
20161208, 040000, Bittrex, 
20161208, 050000, Bittrex, 
20161208, 060000, Bittrex, 
20161208, 070000, Bittrex, 
20161208, 080000, Bittrex, 
20161208, 090000, Bittrex, 
20161208, 100000, Bittrex, 
20161208, 110000, Bittrex, 
20161208, 120000, Bittrex, 
20161208, 130000, Bittrex, 
20161208, 140000, Bittrex, 
20161208, 150000, Bittrex, 
20161208, 160000, Bittrex, 
20161208, 170000, Bittrex, 
20161208, 180000, Bittrex, 
20161208, 190000, Bittrex, 
20161208, 200000, Bittrex, 
20161208, 210000, Bittrex, 
20161208, 220000, Bittrex, 
20161208, 230000, Bittrex, 
20161209, 000000, Bittrex, 
20161209, 010000, Bittrex, 
20161209, 020000, Bittrex, 
20161209, 030000, Bittrex, 
20161209, 040000, Bittrex, 
20161209, 050000, Bittrex, 
20161209, 060000, Bittrex, 
20161209, 070000, Bittrex, 
20161209, 080000, Bittrex, 
20161209, 090000, Bittrex, 
20161209, 100000, Bittrex, 
20161209, 110000, Bittrex, 
20161209, 120000, Bittrex, 
20161209, 130000, Bittrex, 
20161209, 140000, Bittrex, 
20161209, 150000, Bittrex, 
20161209, 160000, Bittrex, 
20161209, 170000, Bittrex, 
20161209, 180000, Bittrex, 
20161209, 190000, Bittrex, 
20161209, 200000, Bittrex, 
20161209, 210000, Bittrex, 
20161209, 220000, Bittrex, 
20161209, 230000, Bittrex, 
20161210, 000000, Bittrex, 
20161210, 010000, Bittrex, 
20161210, 020000, Bittrex, 
20161210, 030000, Bittrex, 
20161210, 040000, Bittrex, 
20161210, 050000, Bittrex, 
20161210, 060000, Bittrex, 
20161210, 070000, Bittrex, 
20161210, 080000, Bittrex, 
20161210, 090000, Bittrex, 
20161210, 100000, Bittrex, 
20161210, 110000, Bittrex, 
20161210, 120000, Bittrex, 
20161210, 130000, Bittrex, 
20161210, 140000, Bittrex, 
20161210, 150000, Bittrex, 
20161210, 160000, Bittrex, 
20161210, 170000, Bittrex, 
20161210, 180000, Bittrex, 
20161210, 190000, Bittrex, 
20161210, 200000, Bittrex, 
20161210, 210000, Bittrex, 
20161210, 220000, Bittrex, 
20161210, 230000, Bittrex, 
20161211, 000000, Bittrex, 
20161211, 010000, Bittrex, 
20161211, 020000, Bittrex, 
20161211, 030000, Bittrex, 
20161211, 040000, Bittrex, 
20161211, 050000, Bittrex, 
20161211, 060000, Bittrex, 
20161211, 070000, Bittrex, 
20161211, 080000, Bittrex, 
20161211, 090000, Bittrex, 
20161211, 100000, Bittrex, 
20161211, 110000, Bittrex, 
20161211, 120000, Bittrex, 
20161211, 130000, Bittrex, 
20161211, 140000, Bittrex, 
20161211, 150000, Bittrex, 
20161211, 160000, Bittrex, 
20161211, 170000, Bittrex, 
20161211, 180000, Bittrex, 
20161211, 190000, Bittrex, 
20161211, 200000, Bittrex, 
20161211, 210000, Bittrex, 
20161211, 220000, Bittrex, 
20161211, 230000, Bittrex, 
20161212, 000000, Bittrex, 
20161212, 010000, Bittrex, 
20161212, 020000, Bittrex, 
20161212, 030000, Bittrex, 
20161212, 040000, Bittrex, 
20161212, 050000, Bittrex, 
20161212, 060000, Bittrex, 
20161212, 070000, Bittrex, 
20161212, 080000, Bittrex, 
20161212, 090000, Bittrex, 
20161212, 100000, Bittrex, 
20161212, 110000, Bittrex, 
20161212, 120000, Bittrex, 
20161212, 130000, Bittrex, 
20161212, 140000, Bittrex, 
20161212, 150000, Bittrex, 
20161212, 160000, Bittrex, 
20161212, 170000, Bittrex, 
20161212, 180000, Bittrex, 
20161212, 190000, Bittrex, 
20161212, 200000, Bittrex, 
20161212, 210000, Bittrex, 
20161212, 220000, Bittrex, 
20161212, 230000, Bittrex, 
20161213, 000000, Bittrex, 
20161213, 010000, Bittrex, 
20161213, 020000, Bittrex, 
20161213, 030000, Bittrex, 
20161213, 040000, Bittrex, 
20161213, 050000, Bittrex, 
20161213, 060000, Bittrex, 
20161213, 070000, Bittrex, 
20161213, 080000, Bittrex, 
20161213, 090000, Bittrex, 
20161213, 100000, Bittrex, 
20161213, 110000, Bittrex, 
20161213, 120000, Bittrex, 
20161213, 130000, Bittrex, 
20161213, 140000, Bittrex, 
20161213, 150000, Bittrex, 
20161213, 160000, Bittrex, 
20161213, 170000, Bittrex, 
20161213, 180000, Bittrex, 
20161213, 190000, Bittrex, 
20161213, 200000, Bittrex, 
20161213, 210000, Bittrex, 
20161213, 220000, Bittrex, 
20161213, 230000, Bittrex, 
20161214, 000000, Bittrex, 
20161214, 010000, Bittrex, 
20161214, 020000, Bittrex, 
20161214, 030000, Bittrex, 
20161214, 040000, Bittrex, 
20161214, 050000, Bittrex, 
20161214, 060000, Bittrex, 
20161214, 070000, Bittrex, 
20161214, 080000, Bittrex, 
20161214, 090000, Bittrex, 
20161214, 100000, Bittrex, 
20161214, 110000, Bittrex, 
20161214, 120000, Bittrex, 
20161214, 130000, Bittrex, 
20161214, 140000, Bittrex, 
20161214, 150000, Bittrex, 
20161214, 160000, Bittrex, 
20161214, 170000, Bittrex, 
20161214, 180000, Bittrex, 
20161214, 190000, Bittrex, 
20161214, 200000, Bittrex, 
20161214, 210000, Bittrex, 
20161214, 220000, Bittrex, 
20161214, 230000, Bittrex, 
20161215, 000000, Bittrex, 
20161215, 010000, Bittrex, 
20161215, 020000, Bittrex, 
20161215, 030000, Bittrex, 
20161215, 040000, Bittrex, 
20161215, 050000, Bittrex, 
20161215, 060000, Bittrex, 
20161215, 070000, Bittrex, 
20161215, 080000, Bittrex, 
20161215, 090000, Bittrex, 
20161215, 100000, Bittrex, 
20161215, 110000, Bittrex, 
20161215, 120000, Bittrex, 
20161215, 130000, Bittrex, 
20161215, 140000, Bittrex, 
20161215, 150000, Bittrex, 
20161215, 160000, Bittrex, 
20161215, 170000, Bittrex, 
20161215, 180000, Bittrex, 
20161215, 190000, Bittrex, 
20161215, 200000, Bittrex, 
20161215, 210000, Bittrex, 
20161215, 220000, Bittrex, 
20161215, 230000, Bittrex, 
20161216, 000000, Bittrex, 
20161216, 010000, Bittrex, 
20161216, 020000, Bittrex, 
20161216, 030000, Bittrex, 
20161216, 040000, Bittrex, 
20161216, 050000, Bittrex, 
20161216, 060000, Bittrex, 
20161216, 070000, Bittrex, 
20161216, 080000, Bittrex, 
20161216, 090000, Bittrex, 
20161216, 100000, Bittrex, 
20161216, 110000, Bittrex, 
20161216, 120000, Bittrex, 
20161216, 130000, Bittrex, 
20161216, 140000, Bittrex, 
20161216, 150000, Bittrex, 
20161216, 160000, Bittrex, 
20161216, 170000, Bittrex, 
20161216, 180000, Bittrex, 
20161216, 190000, Bittrex, 
20161216, 200000, Bittrex, 
20161216, 210000, Bittrex, 
20161216, 220000, Bittrex, 
20161216, 230000, Bittrex, 
20161217, 000000, Bittrex, 
20161217, 010000, Bittrex, 
20161217, 020000, Bittrex, 
20161217, 030000, Bittrex, 
20161217, 040000, Bittrex, 
20161217, 050000, Bittrex, 
20161217, 060000, Bittrex, 
20161217, 070000, Bittrex, 
20161217, 080000, Bittrex, 
20161217, 090000, Bittrex, 
20161217, 100000, Bittrex, 
20161217, 110000, Bittrex, 
20161217, 120000, Bittrex, 
20161217, 130000, Bittrex, 
20161217, 140000, Bittrex, 
20161217, 150000, Bittrex, 
20161217, 160000, Bittrex, 
20161217, 170000, Bittrex, 
20161217, 180000, Bittrex, 
20161217, 190000, Bittrex, 
20161217, 200000, Bittrex, 
20161217, 210000, Bittrex, 
20161217, 220000, Bittrex, 
20161217, 230000, Bittrex, 
20161218, 000000, Bittrex, 
20161218, 010000, Bittrex, 
20161218, 020000, Bittrex, 
20161218, 030000, Bittrex, 
20161218, 040000, Bittrex, 
20161218, 050000, Bittrex, 
20161218, 060000, Bittrex, 
20161218, 070000, Bittrex, 
20161218, 080000, Bittrex, 
20161218, 090000, Bittrex, 
20161218, 100000, Bittrex, 
20161218, 110000, Bittrex, 
20161218, 120000, Bittrex, 
20161218, 130000, Bittrex, 
20161218, 140000, Bittrex, 
20161218, 150000, Bittrex, 
20161218, 160000, Bittrex, 
20161218, 170000, Bittrex, 
20161218, 180000, Bittrex, 
20161218, 190000, Bittrex, 
20161218, 200000, Bittrex, 
20161218, 210000, Bittrex, 
20161218, 220000, Bittrex, 
20161218, 230000, Bittrex, 
20161219, 000000, Bittrex, 
20161219, 010000, Bittrex, 
20161219, 020000, Bittrex, 
20161219, 030000, Bittrex, 
20161219, 040000, Bittrex, 
20161219, 050000, Bittrex, 
20161219, 060000, Bittrex, 
20161219, 070000, Bittrex, 
20161219, 080000, Bittrex, 
20161219, 090000, Bittrex, 
20161219, 100000, Bittrex, 
20161219, 110000, Bittrex, 
20161219, 120000, Bittrex, 
20161219, 130000, Bittrex, 
20161219, 140000, Bittrex, 
20161219, 150000, Bittrex, 
20161219, 160000, Bittrex, 
20161219, 170000, Bittrex, 
20161219, 180000, Bittrex, 
20161219, 190000, Bittrex, 
20161219, 200000, Bittrex, 
20161219, 210000, Bittrex, 
20161219, 220000, Bittrex, 
20161219, 230000, Bittrex, 
20161220, 000000, Bittrex, 
20161220, 010000, Bittrex, 
20161220, 020000, Bittrex, 
20161220, 030000, Bittrex, 
20161220, 040000, Bittrex, 
20161220, 050000, Bittrex, 
20161220, 060000, Bittrex, 
20161220, 070000, Bittrex, 
20161220, 080000, Bittrex, 
20161220, 090000, Bittrex, 
20161220, 100000, Bittrex, 
20161220, 110000, Bittrex, 
20161220, 120000, Bittrex, 
20161220, 130000, Bittrex, 
20161220, 140000, Bittrex, 
20161220, 150000, Bittrex, 
20161220, 160000, Bittrex, 
20161220, 170000, Bittrex, 
20161220, 180000, Bittrex, 
20161220, 190000, Bittrex, 
20161220, 200000, Bittrex, 
20161220, 210000, Bittrex, 
20161220, 220000, Bittrex, 
20161220, 230000, Bittrex, 
20161221, 000000, Bittrex, 
20161221, 010000, Bittrex, 
20161221, 020000, Bittrex, 
20161221, 030000, Bittrex, 
20161221, 040000, Bittrex, 
20161221, 050000, Bittrex, 
20161221, 060000, Bittrex, 
20161221, 070000, Bittrex, 
20161221, 080000, Bittrex, 
20161221, 090000, Bittrex, 
20161221, 100000, Bittrex, 
20161221, 110000, Bittrex, 
20161221, 120000, Bittrex, 
20161221, 130000, Bittrex, 
20161221, 140000, Bittrex, 
20161221, 150000, Bittrex, 
20161221, 160000, Bittrex, 
20161221, 170000, Bittrex, 
20161221, 180000, Bittrex, 
20161221, 190000, Bittrex, 
20161221, 200000, Bittrex, 
20161221, 210000, Bittrex, 
20161221, 220000, Bittrex, 
20161221, 230000, Bittrex, 
20161222, 000000, Bittrex, 
20161222, 010000, Bittrex, 
20161222, 020000, Bittrex, 
20161222, 030000, Bittrex, 
20161222, 040000, Bittrex, 
20161222, 050000, Bittrex, 
20161222, 060000, Bittrex, 
20161222, 070000, Bittrex, 
20161222, 080000, Bittrex, 
20161222, 090000, Bittrex, 
20161222, 100000, Bittrex, 
20161222, 110000, Bittrex, 
20161222, 120000, Bittrex, 
20161222, 130000, Bittrex, 
20161222, 140000, Bittrex, 
20161222, 150000, Bittrex, 
20161222, 160000, Bittrex, 
20161222, 170000, Bittrex, 
20161222, 180000, Bittrex, 
20161222, 190000, Bittrex, 
20161222, 200000, Bittrex, 
20161222, 210000, Bittrex, 
20161222, 220000, Bittrex, 
20161222, 230000, Bittrex, 
20161223, 000000, Bittrex, 
20161223, 010000, Bittrex, 
20161223, 020000, Bittrex, 
20161223, 030000, Bittrex, 
20161223, 040000, Bittrex, 
20161223, 050000, Bittrex, 
20161223, 060000, Bittrex, 
20161223, 070000, Bittrex, 
20161223, 080000, Bittrex, 
20161223, 090000, Bittrex, 
20161223, 100000, Bittrex, 
20161223, 110000, Bittrex, 
20161223, 120000, Bittrex, 
20161223, 130000, Bittrex, 
20161223, 140000, Bittrex, 
20161223, 150000, Bittrex, 
20161223, 160000, Bittrex, 
20161223, 170000, Bittrex, 
20161223, 180000, Bittrex, 
20161223, 190000, Bittrex, 
20161223, 200000, Bittrex, 
20161223, 210000, Bittrex, 
20161223, 220000, Bittrex, 
20161223, 230000, Bittrex, 
20161224, 000000, Bittrex, 
20161224, 010000, Bittrex, 
20161224, 020000, Bittrex, 
20161224, 030000, Bittrex, 
20161224, 040000, Bittrex, 
20161224, 050000, Bittrex, 
20161224, 060000, Bittrex, 
20161224, 070000, Bittrex, 
20161224, 080000, Bittrex, 
20161224, 090000, Bittrex, 
20161224, 100000, Bittrex, 
20161224, 110000, Bittrex, 
20161224, 120000, Bittrex, 
20161224, 130000, Bittrex, 
20161224, 140000, Bittrex, 
20161224, 150000, Bittrex, 
20161224, 160000, Bittrex, 
20161224, 170000, Bittrex, 
20161224, 180000, Bittrex, 
20161224, 190000, Bittrex, 
20161224, 200000, Bittrex, 
20161224, 210000, Bittrex, 
20161224, 220000, Bittrex, 
20161224, 230000, Bittrex, 
20161225, 000000, Bittrex, 
20161225, 010000, Bittrex, 
20161225, 020000, Bittrex, 
20161225, 030000, Bittrex, 
20161225, 040000, Bittrex, 
20161225, 050000, Bittrex, 
20161225, 060000, Bittrex, 
20161225, 070000, Bittrex, 
20161225, 080000, Bittrex, 
20161225, 090000, Bittrex, 
20161225, 100000, Bittrex, 
20161225, 110000, Bittrex, 
20161225, 120000, Bittrex, 
20161225, 130000, Bittrex, 
20161225, 140000, Bittrex, 
20161225, 150000, Bittrex, 
20161225, 160000, Bittrex, 
20161225, 170000, Bittrex, 
20161225, 180000, Bittrex, 
20161225, 190000, Bittrex, 
20161225, 200000, Bittrex, 
20161225, 210000, Bittrex, 
20161225, 220000, Bittrex, 
20161225, 230000, Bittrex, 
20161226, 000000, Bittrex, 
20161226, 010000, Bittrex, 
20161226, 020000, Bittrex, 
20161226, 030000, Bittrex, 
20161226, 040000, Bittrex, 
20161226, 050000, Bittrex, 
20161226, 060000, Bittrex, 
20161226, 070000, Bittrex, 
20161226, 080000, Bittrex, 
20161226, 090000, Bittrex, 
20161226, 100000, Bittrex, 
20161226, 110000, Bittrex, 
20161226, 120000, Bittrex, 
20161226, 130000, Bittrex, 
20161226, 140000, Bittrex, 
20161226, 150000, Bittrex, 
20161226, 160000, Bittrex, 
20161226, 170000, Bittrex, 
20161226, 180000, Bittrex, 
20161226, 190000, Bittrex, 
20161226, 200000, Bittrex, 
20161226, 210000, Bittrex, 
20161226, 220000, Bittrex, 
20161226, 230000, Bittrex, 
20161227, 000000, Bittrex, 
20161227, 010000, Bittrex, 
20161227, 020000, Bittrex, 
20161227, 030000, Bittrex, 
20161227, 040000, Bittrex, 
20161227, 050000, Bittrex, 
20161227, 060000, Bittrex, 
20161227, 070000, Bittrex, 
20161227, 080000, Bittrex, 
20161227, 090000, Bittrex, 
20161227, 100000, Bittrex, 
20161227, 110000, Bittrex, 
20161227, 120000, Bittrex, 
20161227, 130000, Bittrex, 
20161227, 140000, Bittrex, 
20161227, 150000, Bittrex, 
20161227, 160000, Bittrex, 
20161227, 170000, Bittrex, 
20161227, 180000, Bittrex, 
20161227, 190000, Bittrex, 
20161227, 200000, Bittrex, 
20161227, 210000, Bittrex, 
20161227, 220000, Bittrex, 
20161227, 230000, Bittrex, 
20161228, 000000, Bittrex, 
20161228, 010000, Bittrex, 
20161228, 020000, Bittrex, 
20161228, 030000, Bittrex, 
20161228, 040000, Bittrex, 
20161228, 050000, Bittrex, 
20161228, 060000, Bittrex, 
20161228, 070000, Bittrex, 
20161228, 080000, Bittrex, 
20161228, 090000, Bittrex, 
20161228, 100000, Bittrex, 
20161228, 110000, Bittrex, 
20161228, 120000, Bittrex, 
20161228, 130000, Bittrex, 
20161228, 140000, Bittrex, 
20161228, 150000, Bittrex, 
20161228, 160000, Bittrex, 
20161228, 170000, Bittrex, 
20161228, 180000, Bittrex, 
20161228, 190000, Bittrex, 
20161228, 200000, Bittrex, 
20161228, 210000, Bittrex, 
20161228, 220000, Bittrex, 
20161228, 230000, Bittrex, 
20161229, 000000, Bittrex, 
20161229, 010000, Bittrex, 
20161229, 020000, Bittrex, 
20161229, 030000, Bittrex, 
20161229, 040000, Bittrex, 
20161229, 050000, Bittrex, 
20161229, 060000, Bittrex, 
20161229, 070000, Bittrex, 
20161229, 080000, Bittrex, 
20161229, 090000, Bittrex, 
20161229, 100000, Bittrex, 
20161229, 110000, Bittrex, 
20161229, 120000, Bittrex, 
20161229, 130000, Bittrex, 
20161229, 140000, Bittrex, 
20161229, 150000, Bittrex, 
20161229, 160000, Bittrex, 
20161229, 170000, Bittrex, 
20161229, 180000, Bittrex, 
20161229, 190000, Bittrex, 
20161229, 200000, Bittrex, 
20161229, 210000, Bittrex, 
20161229, 220000, Bittrex, 
20161229, 230000, Bittrex, 
20161230, 000000, Bittrex, 
20161230, 010000, Bittrex, 
20161230, 020000, Bittrex, 
20161230, 030000, Bittrex, 
20161230, 040000, Bittrex, 
20161230, 050000, Bittrex, 
20161230, 060000, Bittrex, 
20161230, 070000, Bittrex, 
20161230, 080000, Bittrex, 
20161230, 090000, Bittrex, 
20161230, 100000, Bittrex, 
20161230, 110000, Bittrex, 
20161230, 120000, Bittrex, 
20161230, 130000, Bittrex, 
20161230, 140000, Bittrex, 
20161230, 150000, Bittrex, 
20161230, 160000, Bittrex, 
20161230, 170000, Bittrex, 
20161230, 180000, Bittrex, 
20161230, 190000, Bittrex, 
20161230, 200000, Bittrex, 
20161230, 210000, Bittrex, 
20161230, 220000, Bittrex, 
20161230, 230000, Bittrex, 
20161231, 000000, Bittrex, 
20161231, 010000, Bittrex, 
20161231, 020000, Bittrex, 
20161231, 030000, Bittrex, 
20161231, 040000, Bittrex, 
20161231, 050000, Bittrex, 
20161231, 060000, Bittrex, 
20161231, 070000, Bittrex, 
20161231, 080000, Bittrex, 
20161231, 090000, Bittrex, 
20161231, 100000, Bittrex, 
20161231, 110000, Bittrex, 
20161231, 120000, Bittrex, 
20161231, 130000, Bittrex, 
20161231, 140000, Bittrex, 
20161231, 150000, Bittrex, 
20161231, 160000, Bittrex, 
20161231, 170000, Bittrex, 
20161231, 180000, Bittrex, 
20161231, 190000, Bittrex, 
20161231, 200000, Bittrex, 
20161231, 210000, Bittrex, 
20161231, 220000, Bittrex, 
20161231, 230000, Bittrex, 
20170101, 000000, Bittrex, 
20170101, 010000, Bittrex, 
20170101, 020000, Bittrex, 
20170101, 030000, Bittrex, 
20170101, 040000, Bittrex, 
20170101, 050000, Bittrex, 
20170101, 060000, Bittrex, 
20170101, 070000, Bittrex, 
20170101, 080000, Bittrex, 
20170101, 090000, Bittrex, 
20170101, 100000, Bittrex, 
20170101, 110000, Bittrex, 
20170101, 120000, Bittrex, 
20170101, 130000, Bittrex, 
20170101, 140000, Bittrex, 
20170101, 150000, Bittrex, 
20170101, 160000, Bittrex, 
20170101, 170000, Bittrex, 
20170101, 180000, Bittrex, 
20170101, 190000, Bittrex, 
20170101, 200000, Bittrex, 
20170101, 210000, Bittrex, 
20170101, 220000, Bittrex, 
20170101, 230000, Bittrex, 
20170102, 000000, Bittrex, 
20170102, 010000, Bittrex, 
20170102, 020000, Bittrex, 
20170102, 030000, Bittrex, 
20170102, 040000, Bittrex, 
20170102, 050000, Bittrex, 
20170102, 060000, Bittrex, 
20170102, 070000, Bittrex, 
20170102, 080000, Bittrex, 
20170102, 090000, Bittrex, 
20170102, 100000, Bittrex, 
20170102, 110000, Bittrex, 
20170102, 120000, Bittrex, 
20170102, 130000, Bittrex, 
20170102, 140000, Bittrex, 
20170102, 150000, Bittrex, 
20170102, 160000, Bittrex, 
20170102, 170000, Bittrex, 
20170102, 180000, Bittrex, 
20170102, 190000, Bittrex, 
20170102, 200000, Bittrex, 
20170102, 210000, Bittrex, 
20170102, 220000, Bittrex, 
20170102, 230000, Bittrex, 
20170103, 000000, Bittrex, 
20170103, 010000, Bittrex, 
20170103, 020000, Bittrex, 
20170103, 030000, Bittrex, 
20170103, 040000, Bittrex, 
20170103, 050000, Bittrex, 
20170103, 060000, Bittrex, 
20170103, 070000, Bittrex, 
20170103, 080000, Bittrex, 
20170103, 090000, Bittrex, 
20170103, 100000, Bittrex, 
20170103, 110000, Bittrex, 
20170103, 120000, Bittrex, 
20170103, 130000, Bittrex, 
20170103, 140000, Bittrex, 
20170103, 150000, Bittrex, 
20170103, 160000, Bittrex, 
20170103, 170000, Bittrex, 
20170103, 180000, Bittrex, 
20170103, 190000, Bittrex, 
20170103, 200000, Bittrex, 
20170103, 210000, Bittrex, 
20170103, 220000, Bittrex, 
20170103, 230000, Bittrex, 
20170104, 000000, Bittrex, 
20170104, 010000, Bittrex, 
20170104, 020000, Bittrex, 
20170104, 030000, Bittrex, 
20170104, 040000, Bittrex, 
20170104, 050000, Bittrex, 
20170104, 060000, Bittrex, 
20170104, 070000, Bittrex, 
20170104, 080000, Bittrex, 
20170104, 090000, Bittrex, 
20170104, 100000, Bittrex, 
20170104, 110000, Bittrex, 
20170104, 120000, Bittrex, 
20170104, 130000, Bittrex, 
20170104, 140000, Bittrex, 
20170104, 150000, Bittrex, 
20170104, 160000, Bittrex, 
20170104, 170000, Bittrex, 
20170104, 180000, Bittrex, 
20170104, 190000, Bittrex, 
20170104, 200000, Bittrex, 
20170104, 210000, Bittrex, 
20170104, 220000, Bittrex, 
20170104, 230000, Bittrex, 
20170105, 000000, Bittrex, 
20170105, 010000, Bittrex, 
20170105, 020000, Bittrex, 
20170105, 030000, Bittrex, 
20170105, 040000, Bittrex, 
20170105, 050000, Bittrex, 
20170105, 060000, Bittrex, 
20170105, 070000, Bittrex, 
20170105, 080000, Bittrex, 
20170105, 090000, Bittrex, 
20170105, 100000, Bittrex, 
20170105, 110000, Bittrex, 
20170105, 120000, Bittrex, 
20170105, 130000, Bittrex, 
20170105, 140000, Bittrex, 
20170105, 150000, Bittrex, 
20170105, 160000, Bittrex, 
20170105, 170000, Bittrex, 
20170105, 180000, Bittrex, 
20170105, 190000, Bittrex, 
20170105, 200000, Bittrex, 
20170105, 210000, Bittrex, 
20170105, 220000, Bittrex, 
20170105, 230000, Bittrex, 
20170106, 000000, Bittrex, 
20170106, 010000, Bittrex, 
20170106, 030000, Bittrex, 
20170106, 040000, Bittrex, 
20170106, 050000, Bittrex, 
20170106, 060000, Bittrex, 
20170106, 070000, Bittrex, 
20170106, 080000, Bittrex, 
20170106, 090000, Bittrex, 
20170106, 100000, Bittrex, 
20170106, 110000, Bittrex, 
20170106, 120000, Bittrex, 
20170106, 130000, Bittrex, 
20170106, 140000, Bittrex, 
20170106, 150000, Bittrex, 
20170106, 160000, Bittrex, 
20170106, 170000, Bittrex, 
20170106, 180000, Bittrex, 
20170106, 190000, Bittrex, 
20170106, 200000, Bittrex, 
20170106, 210000, Bittrex, 
20170106, 220000, Bittrex, 
20170106, 230000, Bittrex, 
20170107, 000000, Bittrex, 
20170107, 010000, Bittrex, 
20170107, 020000, Bittrex, 
20170107, 030000, Bittrex, 
20170107, 040000, Bittrex, 
20170107, 050000, Bittrex, 
20170107, 060000, Bittrex, 
20170107, 070000, Bittrex, 
20170107, 080000, Bittrex, 
20170107, 090000, Bittrex, 
20170107, 100000, Bittrex, 
20170107, 110000, Bittrex, 
20170107, 120000, Bittrex, 
20170107, 130000, Bittrex, 
20170107, 140000, Bittrex, 
20170107, 150000, Bittrex, 
20170107, 160000, Bittrex, 
20170107, 170000, Bittrex, 
20170107, 180000, Bittrex, 
20170107, 190000, Bittrex, 
20170107, 200000, Bittrex, 
20170107, 210000, Bittrex, 
20170107, 220000, Bittrex, 
20170107, 230000, Bittrex, 
20170108, 000000, Bittrex, 
20170108, 010000, Bittrex, 
20170108, 020000, Bittrex, 
20170108, 030000, Bittrex, 
20170108, 040000, Bittrex, 
20170108, 050000, Bittrex, 
20170108, 060000, Bittrex, 
20170108, 070000, Bittrex, 
20170108, 080000, Bittrex, 
20170108, 090000, Bittrex, 
20170108, 100000, Bittrex, 
20170108, 110000, Bittrex, 
20170108, 120000, Bittrex, 
20170108, 130000, Bittrex, 
20170108, 140000, Bittrex, 
20170108, 150000, Bittrex, 
20170108, 160000, Bittrex, 
20170108, 170000, Bittrex, 
20170108, 180000, Bittrex, 
20170108, 190000, Bittrex, 
20170108, 200000, Bittrex, 
20170108, 210000, Bittrex, 
20170108, 220000, Bittrex, 
20170108, 230000, Bittrex, 
20170109, 000000, Bittrex, 
20170109, 010000, Bittrex, 
20170109, 020000, Bittrex, 
20170109, 030000, Bittrex, 
20170109, 040000, Bittrex, 
20170109, 050000, Bittrex, 
20170109, 060000, Bittrex, 
20170109, 070000, Bittrex, 
20170109, 080000, Bittrex, 
20170109, 090000, Bittrex, 
20170109, 100000, Bittrex, 
20170109, 110000, Bittrex, 
20170109, 120000, Bittrex, 
20170109, 130000, Bittrex, 
20170109, 140000, Bittrex, 
20170109, 150000, Bittrex, 
20170109, 160000, Bittrex, 
20170109, 170000, Bittrex, 
20170109, 180000, Bittrex, 
20170109, 190000, Bittrex, 
20170109, 200000, Bittrex, 
20170109, 210000, Bittrex, 
20170109, 220000, Bittrex, 
20170109, 230000, Bittrex, 
20170110, 000000, Bittrex, 
20170110, 010000, Bittrex, 
20170110, 020000, Bittrex, 
20170110, 030000, Bittrex, 
20170110, 040000, Bittrex, 
20170110, 050000, Bittrex, 
20170110, 060000, Bittrex, 
20170110, 070000, Bittrex, 
20170110, 080000, Bittrex, 
20170110, 090000, Bittrex, 
20170110, 100000, Bittrex, 
20170110, 110000, Bittrex, 
20170110, 120000, Bittrex, 
20170110, 130000, Bittrex, 
20170110, 140000, Bittrex, 
20170110, 150000, Bittrex, 
20170110, 160000, Bittrex, 
20170110, 170000, Bittrex, 
20170110, 180000, Bittrex, 
20170110, 190000, Bittrex, 
20170110, 200000, Bittrex, 
20170110, 210000, Bittrex, 
20170110, 220000, Bittrex, 
20170110, 230000, Bittrex, 
20170111, 000000, Bittrex, 
20170111, 010000, Bittrex, 
20170111, 020000, Bittrex, 
20170111, 030000, Bittrex, 
20170111, 040000, Bittrex, 
20170111, 050000, Bittrex, 
20170111, 060000, Bittrex, 
20170111, 070000, Bittrex, 
20170111, 080000, Bittrex, 
20170111, 090000, Bittrex, 
20170111, 100000, Bittrex, 
20170111, 110000, Bittrex, 
20170111, 120000, Bittrex, 
20170111, 130000, Bittrex, 
20170111, 140000, Bittrex, 
20170111, 150000, Bittrex, 
20170111, 160000, Bittrex, 
20170111, 170000, Bittrex, 
20170111, 180000, Bittrex, 
20170111, 190000, Bittrex, 
20170111, 200000, Bittrex, 
20170111, 210000, Bittrex, 
20170111, 220000, Bittrex, 
20170111, 230000, Bittrex, 
20170112, 000000, Bittrex, 
20170112, 010000, Bittrex, 
20170112, 020000, Bittrex, 
20170112, 030000, Bittrex, 
20170112, 040000, Bittrex, 
20170112, 050000, Bittrex, 
20170112, 060000, Bittrex, 
20170112, 070000, Bittrex, 
20170112, 080000, Bittrex, 
20170112, 090000, Bittrex, 
20170112, 100000, Bittrex, 
20170112, 110000, Bittrex, 
20170112, 120000, Bittrex, 
20170112, 130000, Bittrex, 
20170112, 140000, Bittrex, 
20170112, 150000, Bittrex, 
20170112, 160000, Bittrex, 
20170112, 170000, Bittrex, 
20170112, 180000, Bittrex, 
20170112, 190000, Bittrex, 
20170112, 200000, Bittrex, 
20170112, 210000, Bittrex, 
20170112, 220000, Bittrex, 
20170112, 230000, Bittrex, 
20170113, 000000, Bittrex, 
20170113, 010000, Bittrex, 
20170113, 020000, Bittrex, 
20170113, 030000, Bittrex, 
20170113, 040000, Bittrex, 
20170113, 050000, Bittrex, 
20170113, 060000, Bittrex, 
20170113, 070000, Bittrex, 
20170113, 080000, Bittrex, 
20170113, 090000, Bittrex, 
20170113, 100000, Bittrex, 
20170113, 110000, Bittrex, 
20170113, 120000, Bittrex, 
20170113, 130000, Bittrex, 
20170113, 140000, Bittrex, 
20170113, 150000, Bittrex, 
20170113, 160000, Bittrex, 
20170113, 170000, Bittrex, 
20170113, 180000, Bittrex, 
20170113, 190000, Bittrex, 
20170113, 200000, Bittrex, 
20170113, 210000, Bittrex, 
20170113, 220000, Bittrex, 
20170113, 230000, Bittrex, 
20170114, 000000, Bittrex, 
20170114, 010000, Bittrex, 
20170114, 020000, Bittrex, 
20170114, 030000, Bittrex, 
20170114, 040000, Bittrex, 
20170114, 050000, Bittrex, 
20170114, 060000, Bittrex, 
20170114, 070000, Bittrex, 
20170114, 080000, Bittrex, 
20170114, 090000, Bittrex, 
20170114, 100000, Bittrex, 
20170114, 110000, Bittrex, 
20170114, 120000, Bittrex, 
20170114, 130000, Bittrex, 
20170114, 140000, Bittrex, 
20170114, 150000, Bittrex, 
20170114, 160000, Bittrex, 
20170114, 170000, Bittrex, 
20170114, 180000, Bittrex, 
20170114, 190000, Bittrex, 
20170114, 200000, Bittrex, 
20170114, 210000, Bittrex, 
20170114, 220000, Bittrex, 
20170114, 230000, Bittrex, 
20170115, 000000, Bittrex, 
20170115, 010000, Bittrex, 
20170115, 020000, Bittrex, 
20170115, 030000, Bittrex, 
20170115, 040000, Bittrex, 
20170115, 050000, Bittrex, 
20170115, 060000, Bittrex, 
20170115, 070000, Bittrex, 
20170115, 080000, Bittrex, 
20170115, 090000, Bittrex, 
20170115, 100000, Bittrex, 
20170115, 110000, Bittrex, 
20170115, 120000, Bittrex, 
20170115, 130000, Bittrex, 
20170115, 140000, Bittrex, 
20170115, 150000, Bittrex, 
20170115, 160000, Bittrex, 
20170115, 170000, Bittrex, 
20170115, 180000, Bittrex, 
20170115, 190000, Bittrex, 
20170115, 200000, Bittrex, 
20170115, 210000, Bittrex, 
20170115, 220000, Bittrex, 
20170115, 230000, Bittrex, 
20170116, 000000, Bittrex, 
20170116, 010000, Bittrex, 
20170116, 020000, Bittrex, 
20170116, 030000, Bittrex, 
20170116, 040000, Bittrex, 
20170116, 050000, Bittrex, 
20170116, 060000, Bittrex, 
20170116, 070000, Bittrex, 
20170116, 080000, Bittrex, 
20170116, 090000, Bittrex, 
20170116, 100000, Bittrex, 
20170116, 110000, Bittrex, 
20170116, 120000, Bittrex, 
20170116, 130000, Bittrex, 
20170116, 140000, Bittrex, 
20170116, 150000, Bittrex, 
20170116, 160000, Bittrex, 
20170116, 170000, Bittrex, 
20170116, 180000, Bittrex, 
20170116, 190000, Bittrex, 
20170116, 200000, Bittrex, 
20170116, 210000, Bittrex, 
20170116, 220000, Bittrex, 
20170116, 230000, Bittrex, 
20170117, 000000, Bittrex, 
20170117, 010000, Bittrex, 
20170117, 020000, Bittrex, 
20170117, 030000, Bittrex, 
20170117, 040000, Bittrex, 
20170117, 050000, Bittrex, 
20170117, 060000, Bittrex, 
20170117, 070000, Bittrex, 
20170117, 080000, Bittrex, 
20170117, 090000, Bittrex, 
20170117, 100000, Bittrex, 
20170117, 110000, Bittrex, 
20170117, 120000, Bittrex, 
20170117, 130000, Bittrex, 
20170117, 140000, Bittrex, 
20170117, 150000, Bittrex, 
20170117, 160000, Bittrex, 
20170117, 170000, Bittrex, 
20170117, 180000, Bittrex, 
20170117, 190000, Bittrex, 
20170117, 200000, Bittrex, 
20170117, 210000, Bittrex, 
20170117, 220000, Bittrex, 
20170117, 230000, Bittrex, 
20170118, 000000, Bittrex, 
20170118, 010000, Bittrex, 
20170118, 020000, Bittrex, 
20170118, 030000, Bittrex, 
20170118, 040000, Bittrex, 
20170118, 050000, Bittrex, 
20170118, 060000, Bittrex, 
20170118, 070000, Bittrex, 
20170118, 080000, Bittrex, 
20170118, 090000, Bittrex, 
20170118, 100000, Bittrex, 
20170118, 110000, Bittrex, 
20170118, 120000, Bittrex, 
20170118, 130000, Bittrex, 
20170118, 140000, Bittrex, 
20170118, 150000, Bittrex, 
20170118, 160000, Bittrex, 
20170118, 170000, Bittrex, 
20170118, 180000, Bittrex, 
20170118, 190000, Bittrex, 
20170118, 200000, Bittrex, 
20170118, 210000, Bittrex, 
20170118, 220000, Bittrex, 
20170118, 230000, Bittrex, 
20170119, 000000, Bittrex, 
20170119, 010000, Bittrex, 
20170119, 020000, Bittrex, 
20170119, 030000, Bittrex, 
20170119, 040000, Bittrex, 
20170119, 050000, Bittrex, 
20170119, 060000, Bittrex, 
20170119, 070000, Bittrex, 
20170119, 080000, Bittrex, 
20170119, 090000, Bittrex, 
20170119, 100000, Bittrex, 
20170119, 110000, Bittrex, 
20170119, 120000, Bittrex, 
20170119, 130000, Bittrex, 
20170119, 140000, Bittrex, 
20170119, 150000, Bittrex, 
20170119, 160000, Bittrex, 
20170119, 170000, Bittrex, 
20170119, 180000, Bittrex, 
20170119, 190000, Bittrex, 
20170119, 200000, Bittrex, 
20170119, 210000, Bittrex, 
20170119, 220000, Bittrex, 
20170119, 230000, Bittrex, 
20170120, 000000, Bittrex, 
20170120, 010000, Bittrex, 
20170120, 020000, Bittrex, 
20170120, 030000, Bittrex, 
20170120, 040000, Bittrex, 
20170120, 050000, Bittrex, 
20170120, 060000, Bittrex, 
20170120, 070000, Bittrex, 
20170120, 080000, Bittrex, 
20170120, 090000, Bittrex, 
20170120, 100000, Bittrex, 
20170120, 110000, Bittrex, 
20170120, 120000, Bittrex, 
20170120, 130000, Bittrex, 
20170120, 140000, Bittrex, 
20170120, 150000, Bittrex, 
20170120, 160000, Bittrex, 
20170120, 170000, Bittrex, 
20170120, 180000, Bittrex, 
20170120, 190000, Bittrex, 
20170120, 200000, Bittrex, 
20170120, 210000, Bittrex, 
20170120, 220000, Bittrex, 
20170120, 230000, Bittrex, 
20170121, 000000, Bittrex, 
20170121, 010000, Bittrex, 
20170121, 020000, Bittrex, 
20170121, 030000, Bittrex, 
20170121, 040000, Bittrex, 
20170121, 050000, Bittrex, 
20170121, 060000, Bittrex, 
20170121, 070000, Bittrex, 
20170121, 080000, Bittrex, 
20170121, 090000, Bittrex, 
20170121, 100000, Bittrex, 
20170121, 110000, Bittrex, 
20170121, 120000, Bittrex, 
20170121, 130000, Bittrex, 
20170121, 140000, Bittrex, 
20170121, 150000, Bittrex, 
20170121, 160000, Bittrex, 
20170121, 170000, Bittrex, 
20170121, 180000, Bittrex, 
20170121, 190000, Bittrex, 
20170121, 200000, Bittrex, 
20170121, 210000, Bittrex, 
20170121, 220000, Bittrex, 
20170121, 230000, Bittrex, 
20170122, 000000, Bittrex, 
20170122, 010000, Bittrex, 
20170122, 020000, Bittrex, 
20170122, 030000, Bittrex, 
20170122, 040000, Bittrex, 
20170122, 050000, Bittrex, 
20170122, 060000, Bittrex, 
20170122, 070000, Bittrex, 
20170122, 080000, Bittrex, 
20170122, 090000, Bittrex, 
20170122, 100000, Bittrex, 
20170122, 110000, Bittrex, 
20170122, 120000, Bittrex, 
20170122, 130000, Bittrex, 
20170122, 140000, Bittrex, 
20170122, 150000, Bittrex, 
20170122, 160000, Bittrex, 
20170122, 170000, Bittrex, 
20170122, 180000, Bittrex, 
20170122, 190000, Bittrex, 
20170122, 200000, Bittrex, 
20170122, 210000, Bittrex, 
20170122, 220000, Bittrex, 
20170122, 230000, Bittrex, 
20170123, 000000, Bittrex, 
20170123, 010000, Bittrex, 
20170123, 020000, Bittrex, 
20170123, 030000, Bittrex, 
20170123, 040000, Bittrex, 
20170123, 050000, Bittrex, 
20170123, 060000, Bittrex, 
20170123, 070000, Bittrex, 
20170123, 080000, Bittrex, 
20170123, 090000, Bittrex, 
20170123, 100000, Bittrex, 
20170123, 110000, Bittrex, 
20170123, 120000, Bittrex, 
20170123, 130000, Bittrex, 
20170123, 140000, Bittrex, 
20170123, 150000, Bittrex, 
20170123, 160000, Bittrex, 
20170123, 170000, Bittrex, 
20170123, 180000, Bittrex, 
20170123, 190000, Bittrex, 
20170123, 200000, Bittrex, 
20170123, 210000, Bittrex, 
20170123, 220000, Bittrex, 
20170123, 230000, Bittrex, 
20170124, 000000, Bittrex, 
20170124, 010000, Bittrex, 
20170124, 020000, Bittrex, 
20170124, 030000, Bittrex, 
20170124, 040000, Bittrex, 
20170124, 050000, Bittrex, 
20170124, 060000, Bittrex, 
20170124, 070000, Bittrex, 
20170124, 080000, Bittrex, 
20170124, 090000, Bittrex, 
20170124, 100000, Bittrex, 
20170124, 110000, Bittrex, 
20170124, 120000, Bittrex, 
20170124, 130000, Bittrex, 
20170124, 140000, Bittrex, 
20170124, 150000, Bittrex, 
20170124, 160000, Bittrex, 
20170124, 170000, Bittrex, 
20170124, 180000, Bittrex, 
20170124, 190000, Bittrex, 
20170124, 200000, Bittrex, 
20170124, 210000, Bittrex, 
20170124, 220000, Bittrex, 
20170124, 230000, Bittrex, 
20170125, 000000, Bittrex, 
20170125, 010000, Bittrex, 
20170125, 020000, Bittrex, 
20170125, 030000, Bittrex, 
20170125, 040000, Bittrex, 
20170125, 050000, Bittrex, 
20170125, 060000, Bittrex, 
20170125, 070000, Bittrex, 
20170125, 080000, Bittrex, 
20170125, 090000, Bittrex, 
20170125, 100000, Bittrex, 
20170125, 110000, Bittrex, 
20170125, 120000, Bittrex, 
20170125, 130000, Bittrex, 
20170125, 140000, Bittrex, 
20170125, 150000, Bittrex, 
20170125, 160000, Bittrex, 
20170125, 170000, Bittrex, 
20170125, 180000, Bittrex, 
20170125, 190000, Bittrex, 
20170125, 200000, Bittrex, 
20170125, 210000, Bittrex, 
20170125, 220000, Bittrex, 
20170125, 230000, Bittrex, 
20170126, 000000, Bittrex, 
20170126, 010000, Bittrex, 
20170126, 020000, Bittrex, 
20170126, 030000, Bittrex, 
20170126, 040000, Bittrex, 
20170126, 050000, Bittrex, 
20170126, 060000, Bittrex, 
20170126, 070000, Bittrex, 
20170126, 080000, Bittrex, 
20170126, 090000, Bittrex, 
20170126, 100000, Bittrex, 
20170126, 110000, Bittrex, 
20170126, 120000, Bittrex, 
20170126, 130000, Bittrex, 
20170126, 140000, Bittrex, 
20170126, 150000, Bittrex, 
20170126, 160000, Bittrex, 
20170126, 170000, Bittrex, 
20170126, 180000, Bittrex, 
20170126, 190000, Bittrex, 
20170126, 200000, Bittrex, 
20170126, 210000, Bittrex, 
20170126, 220000, Bittrex, 
20170126, 230000, Bittrex, 
20170127, 000000, Bittrex, 
20170127, 010000, Bittrex, 
20170127, 020000, Bittrex, 
20170127, 030000, Bittrex, 
20170127, 040000, Bittrex, 
20170127, 050000, Bittrex, 
20170127, 060000, Bittrex, 
20170127, 070000, Bittrex, 
20170127, 080000, Bittrex, 
20170127, 090000, Bittrex, 
20170127, 100000, Bittrex, 
20170127, 110000, Bittrex, 
20170127, 120000, Bittrex, 
20170127, 130000, Bittrex, 
20170127, 140000, Bittrex, 
20170127, 150000, Bittrex, 
20170127, 160000, Bittrex, 
20170127, 170000, Bittrex, 
20170127, 180000, Bittrex, 
20170127, 190000, Bittrex, 
20170127, 200000, Bittrex, 
20170127, 210000, Bittrex, 
20170127, 220000, Bittrex, 
20170127, 230000, Bittrex, 
20170128, 000000, Bittrex, 
20170128, 010000, Bittrex, 
20170128, 020000, Bittrex, 
20170128, 030000, Bittrex, 
20170128, 040000, Bittrex, 
20170128, 050000, Bittrex, 
20170128, 060000, Bittrex, 
20170128, 070000, Bittrex, 
20170128, 080000, Bittrex, 
20170128, 090000, Bittrex, 
20170128, 100000, Bittrex, 
20170128, 110000, Bittrex, 
20170128, 120000, Bittrex, 
20170128, 130000, Bittrex, 
20170128, 140000, Bittrex, 
20170128, 150000, Bittrex, 
20170128, 160000, Bittrex, 
20170128, 170000, Bittrex, 
20170128, 180000, Bittrex, 
20170128, 190000, Bittrex, 
20170128, 200000, Bittrex, 
20170128, 210000, Bittrex, 
20170128, 220000, Bittrex, 
20170128, 230000, Bittrex, 
20170129, 000000, Bittrex, 
20170129, 010000, Bittrex, 
20170129, 020000, Bittrex, 
20170129, 030000, Bittrex, 
20170129, 040000, Bittrex, 
20170129, 050000, Bittrex, 
20170129, 060000, Bittrex, 
20170129, 070000, Bittrex, 
20170129, 080000, Bittrex, 
20170129, 090000, Bittrex, 
20170129, 100000, Bittrex, 
20170129, 110000, Bittrex, 
20170129, 120000, Bittrex, 
20170129, 130000, Bittrex, 
20170129, 140000, Bittrex, 
20170129, 150000, Bittrex, 
20170129, 160000, Bittrex, 
20170129, 170000, Bittrex, 
20170129, 180000, Bittrex, 
20170129, 190000, Bittrex, 
20170129, 200000, Bittrex, 
20170129, 210000, Bittrex, 
20170129, 220000, Bittrex, 
20170129, 230000, Bittrex, 
20170130, 000000, Bittrex, 
20170130, 010000, Bittrex, 
20170130, 020000, Bittrex, 
20170130, 030000, Bittrex, 
20170130, 040000, Bittrex, 
20170130, 050000, Bittrex, 
20170130, 060000, Bittrex, 
20170130, 070000, Bittrex, 
20170130, 080000, Bittrex, 
20170130, 090000, Bittrex, 
20170130, 100000, Bittrex, 
20170130, 110000, Bittrex, 
20170130, 120000, Bittrex, 
20170130, 130000, Bittrex, 
20170130, 140000, Bittrex, 
20170130, 150000, Bittrex, 
20170130, 160000, Bittrex, 
20170130, 170000, Bittrex, 
20170130, 180000, Bittrex, 
20170130, 190000, Bittrex, 
20170130, 200000, Bittrex, 
20170130, 210000, Bittrex, 
20170130, 220000, Bittrex, 
20170130, 230000, Bittrex, 
20170131, 000000, Bittrex, 
20170131, 010000, Bittrex, 
20170131, 020000, Bittrex, 
20170131, 030000, Bittrex, 
20170131, 040000, Bittrex, 
20170131, 050000, Bittrex, 
20170131, 060000, Bittrex, 
20170131, 070000, Bittrex, 
20170131, 080000, Bittrex, 
20170131, 090000, Bittrex, 
20170131, 100000, Bittrex, 
20170131, 110000, Bittrex, 
20170131, 120000, Bittrex, 
20170131, 130000, Bittrex, 
20170131, 140000, Bittrex, 
20170131, 150000, Bittrex, 
20170131, 160000, Bittrex, 
20170131, 170000, Bittrex, 
20170131, 180000, Bittrex, 
20170131, 190000, Bittrex, 
20170131, 200000, Bittrex, 
20170131, 210000, Bittrex, 
20170131, 220000, Bittrex, 
20170131, 230000, Bittrex, 
20170201, 000000, Bittrex, 
20170201, 010000, Bittrex, 
20170201, 020000, Bittrex, 
20170201, 030000, Bittrex, 
20170201, 040000, Bittrex, 
20170201, 050000, Bittrex, 
20170201, 060000, Bittrex, 
20170201, 070000, Bittrex, 
20170201, 080000, Bittrex, 
20170201, 090000, Bittrex, 
20170201, 100000, Bittrex, 
20170201, 110000, Bittrex, 
20170201, 120000, Bittrex, 
20170201, 130000, Bittrex, 
20170201, 140000, Bittrex, 
20170201, 150000, Bittrex, 
20170201, 160000, Bittrex, 
20170201, 170000, Bittrex, 
20170201, 180000, Bittrex, 
20170201, 190000, Bittrex, 
20170201, 200000, Bittrex, 
20170201, 210000, Bittrex, 
20170201, 220000, Bittrex, 
20170201, 230000, Bittrex, 
20170202, 000000, Bittrex, 
20170202, 010000, Bittrex, 
20170202, 020000, Bittrex, 
20170202, 030000, Bittrex, 
20170202, 040000, Bittrex, 
20170202, 050000, Bittrex, 
20170202, 060000, Bittrex, 
20170202, 070000, Bittrex, 
20170202, 080000, Bittrex, 
20170202, 090000, Bittrex, 
20170202, 100000, Bittrex, 
20170202, 110000, Bittrex, 
20170202, 120000, Bittrex, 
20170202, 130000, Bittrex, 
20170202, 140000, Bittrex, 
20170202, 150000, Bittrex, 
20170202, 160000, Bittrex, 
20170202, 170000, Bittrex, 
20170202, 180000, Bittrex, 
20170202, 190000, Bittrex, 
20170202, 200000, Bittrex, 
20170202, 210000, Bittrex, 
20170202, 220000, Bittrex, 
20170202, 230000, Bittrex, 
20170203, 000000, Bittrex, 
20170203, 010000, Bittrex, 
20170203, 020000, Bittrex, 
20170203, 030000, Bittrex, 
20170203, 040000, Bittrex, 
20170203, 050000, Bittrex, 
20170203, 060000, Bittrex, 
20170203, 070000, Bittrex, 
20170203, 080000, Bittrex, 
20170203, 090000, Bittrex, 
20170203, 100000, Bittrex, 
20170203, 110000, Bittrex, 
20170203, 120000, Bittrex, 
20170203, 130000, Bittrex, 
20170203, 140000, Bittrex, 
20170203, 150000, Bittrex, 
20170203, 160000, Bittrex, 
20170203, 170000, Bittrex, 
20170203, 180000, Bittrex, 
20170203, 190000, Bittrex, 
20170203, 200000, Bittrex, 
20170203, 210000, Bittrex, 
20170203, 220000, Bittrex, 
20170203, 230000, Bittrex, 
20170204, 000000, Bittrex, 
20170204, 010000, Bittrex, 
20170204, 020000, Bittrex, 
20170204, 030000, Bittrex, 
20170204, 040000, Bittrex, 
20170204, 050000, Bittrex, 
20170204, 060000, Bittrex, 
20170204, 070000, Bittrex, 
20170204, 080000, Bittrex, 
20170204, 090000, Bittrex, 
20170204, 100000, Bittrex, 
20170204, 110000, Bittrex, 
20170204, 120000, Bittrex, 
20170204, 130000, Bittrex, 
20170204, 140000, Bittrex, 
20170204, 150000, Bittrex, 
20170204, 160000, Bittrex, 
20170204, 170000, Bittrex, 
20170204, 180000, Bittrex, 
20170204, 190000, Bittrex, 
20170204, 200000, Bittrex, 
20170204, 210000, Bittrex, 
20170204, 220000, Bittrex, 
20170204, 230000, Bittrex, 
20170205, 000000, Bittrex, 
20170205, 010000, Bittrex, 
20170205, 020000, Bittrex, 
20170205, 030000, Bittrex, 
20170205, 040000, Bittrex, 
20170205, 050000, Bittrex, 
20170205, 060000, Bittrex, 
20170205, 070000, Bittrex, 
20170205, 090000, Bittrex, 
20170205, 100000, Bittrex, 
20170205, 110000, Bittrex, 
20170205, 120000, Bittrex, 
20170205, 130000, Bittrex, 
20170205, 140000, Bittrex, 
20170205, 150000, Bittrex, 
20170205, 160000, Bittrex, 
20170205, 170000, Bittrex, 
20170205, 180000, Bittrex, 
20170205, 190000, Bittrex, 
20170205, 200000, Bittrex, 
20170205, 210000, Bittrex, 
20170205, 220000, Bittrex, 
20170205, 230000, Bittrex, 
20170206, 000000, Bittrex, 
20170206, 010000, Bittrex, 
20170206, 020000, Bittrex, 
20170206, 030000, Bittrex, 
20170206, 040000, Bittrex, 
20170206, 050000, Bittrex, 
20170206, 060000, Bittrex, 
20170206, 070000, Bittrex, 
20170206, 080000, Bittrex, 
20170206, 090000, Bittrex, 
20170206, 100000, Bittrex, 
20170206, 110000, Bittrex, 
20170206, 120000, Bittrex, 
20170206, 130000, Bittrex, 
20170206, 140000, Bittrex, 
20170206, 150000, Bittrex, 
20170206, 160000, Bittrex, 
20170206, 170000, Bittrex, 
20170206, 180000, Bittrex, 
20170206, 190000, Bittrex, 
20170206, 200000, Bittrex, 
20170206, 210000, Bittrex, 
20170206, 220000, Bittrex, 
20170206, 230000, Bittrex, 
20170207, 000000, Bittrex, 
20170207, 010000, Bittrex, 
20170207, 020000, Bittrex, 
20170207, 030000, Bittrex, 
20170207, 040000, Bittrex, 
20170207, 050000, Bittrex, 
20170207, 060000, Bittrex, 
20170207, 070000, Bittrex, 
20170207, 080000, Bittrex, 
20170207, 090000, Bittrex, 
20170207, 100000, Bittrex, 
20170207, 110000, Bittrex, 
20170207, 120000, Bittrex, 
20170207, 130000, Bittrex, 
20170207, 140000, Bittrex, 
20170207, 150000, Bittrex, 
20170207, 160000, Bittrex, 
20170207, 170000, Bittrex, 
20170207, 180000, Bittrex, 
20170207, 190000, Bittrex, 
20170207, 200000, Bittrex, 
20170207, 210000, Bittrex, 
20170207, 220000, Bittrex, 
20170207, 230000, Bittrex, 
20170208, 000000, Bittrex, 
20170208, 010000, Bittrex, 
20170208, 020000, Bittrex, 
20170208, 030000, Bittrex, 
20170208, 040000, Bittrex, 
20170208, 050000, Bittrex, 
20170208, 060000, Bittrex, 
20170208, 070000, Bittrex, 
20170208, 080000, Bittrex, 
20170208, 090000, Bittrex, 
20170208, 100000, Bittrex, 
20170208, 110000, Bittrex, 
20170208, 120000, Bittrex, 
20170208, 130000, Bittrex, 
20170208, 140000, Bittrex, 
20170208, 150000, Bittrex, 
20170208, 160000, Bittrex, 
20170208, 170000, Bittrex, 
20170208, 180000, Bittrex, 
20170208, 190000, Bittrex, 
20170208, 200000, Bittrex, 
20170208, 210000, Bittrex, 
20170208, 220000, Bittrex, 
20170208, 230000, Bittrex, 
20170209, 000000, Bittrex, 
20170209, 010000, Bittrex, 
20170209, 020000, Bittrex, 
20170209, 030000, Bittrex, 
20170209, 040000, Bittrex, 
20170209, 050000, Bittrex, 
20170209, 060000, Bittrex, 
20170209, 070000, Bittrex, 
20170209, 080000, Bittrex, 
20170209, 090000, Bittrex, 
20170209, 100000, Bittrex, 
20170209, 110000, Bittrex, 
20170209, 120000, Bittrex, 
20170209, 130000, Bittrex, 
20170209, 140000, Bittrex, 
20170209, 150000, Bittrex, 
20170209, 160000, Bittrex, 
20170209, 170000, Bittrex, 
20170209, 180000, Bittrex, 
20170209, 190000, Bittrex, 
20170209, 200000, Bittrex, 
20170209, 210000, Bittrex, 
20170209, 220000, Bittrex, 
20170209, 230000, Bittrex, 
20170210, 000000, Bittrex, 
20170210, 010000, Bittrex, 
20170210, 020000, Bittrex, 
20170210, 030000, Bittrex, 
20170210, 040000, Bittrex, 
20170210, 050000, Bittrex, 
20170210, 060000, Bittrex, 
20170210, 070000, Bittrex, 
20170210, 080000, Bittrex, 
20170210, 090000, Bittrex, 
20170210, 100000, Bittrex, 
20170210, 110000, Bittrex, 
20170210, 120000, Bittrex, 
20170210, 130000, Bittrex, 
20170210, 140000, Bittrex, 
20170210, 150000, Bittrex, 
20170210, 160000, Bittrex, 
20170210, 170000, Bittrex, 
20170210, 180000, Bittrex, 
20170210, 190000, Bittrex, 
20170210, 200000, Bittrex, 
20170210, 210000, Bittrex, 
20170210, 220000, Bittrex, 
20170210, 230000, Bittrex, 
20170211, 000000, Bittrex, 
20170211, 010000, Bittrex, 
20170211, 020000, Bittrex, 
20170211, 030000, Bittrex, 
20170211, 040000, Bittrex, 
20170211, 050000, Bittrex, 
20170211, 060000, Bittrex, 
20170211, 070000, Bittrex, 
20170211, 080000, Bittrex, 
20170211, 090000, Bittrex, 
20170211, 100000, Bittrex, 
20170211, 110000, Bittrex, 
20170211, 120000, Bittrex, 
20170211, 130000, Bittrex, 
20170211, 140000, Bittrex, 
20170211, 150000, Bittrex, 
20170211, 160000, Bittrex, 
20170211, 170000, Bittrex, 
20170211, 180000, Bittrex, 
20170211, 190000, Bittrex, 
20170211, 200000, Bittrex, 
20170211, 210000, Bittrex, 
20170211, 220000, Bittrex, 
20170211, 230000, Bittrex, 
20170212, 000000, Bittrex, 
20170212, 010000, Bittrex, 
20170212, 020000, Bittrex, 
20170212, 030000, Bittrex, 
20170212, 040000, Bittrex, 
20170212, 050000, Bittrex, 
20170212, 060000, Bittrex, 
20170212, 070000, Bittrex, 
20170212, 080000, Bittrex, 
20170212, 090000, Bittrex, 
20170212, 100000, Bittrex, 
20170212, 110000, Bittrex, 
20170212, 120000, Bittrex, 
20170212, 130000, Bittrex, 
20170212, 140000, Bittrex, 
20170212, 150000, Bittrex, 
20170212, 160000, Bittrex, 
20170212, 170000, Bittrex, 
20170212, 180000, Bittrex, 
20170212, 190000, Bittrex, 
20170212, 200000, Bittrex, 
20170212, 210000, Bittrex, 
20170212, 220000, Bittrex, 
20170212, 230000, Bittrex, 
20170213, 000000, Bittrex, 
20170213, 010000, Bittrex, 
20170213, 020000, Bittrex, 
20170213, 030000, Bittrex, 
20170213, 040000, Bittrex, 
20170213, 050000, Bittrex, 
20170213, 060000, Bittrex, 
20170213, 070000, Bittrex, 
20170213, 080000, Bittrex, 
20170213, 090000, Bittrex, 
20170213, 100000, Bittrex, 
20170213, 110000, Bittrex, 
20170213, 120000, Bittrex, 
20170213, 130000, Bittrex, 
20170213, 140000, Bittrex, 
20170213, 150000, Bittrex, 
20170213, 160000, Bittrex, 
20170213, 170000, Bittrex, 
20170213, 180000, Bittrex, 
20170213, 190000, Bittrex, 
20170213, 200000, Bittrex, 
20170213, 210000, Bittrex, 
20170213, 220000, Bittrex, 
20170213, 230000, Bittrex, 
20170214, 000000, Bittrex, 
20170214, 010000, Bittrex, 
20170214, 020000, Bittrex, 
20170214, 030000, Bittrex, 
20170214, 040000, Bittrex, 
20170214, 050000, Bittrex, 
20170214, 060000, Bittrex, 
20170214, 070000, Bittrex, 
20170214, 080000, Bittrex, 
20170214, 090000, Bittrex, 
20170214, 100000, Bittrex, 
20170214, 110000, Bittrex, 
20170214, 120000, Bittrex, 
20170214, 130000, Bittrex, 
20170214, 140000, Bittrex, 
20170214, 150000, Bittrex, 
20170214, 160000, Bittrex, 
20170214, 170000, Bittrex, 
20170214, 180000, Bittrex, 
20170214, 190000, Bittrex, 
20170214, 200000, Bittrex, 
20170214, 210000, Bittrex, 
20170214, 220000, Bittrex, 
20170214, 230000, Bittrex, 
20170215, 000000, Bittrex, 
20170215, 010000, Bittrex, 
20170215, 020000, Bittrex, 
20170215, 030000, Bittrex, 
20170215, 040000, Bittrex, 
20170215, 050000, Bittrex, 
20170215, 060000, Bittrex, 
20170215, 070000, Bittrex, 
20170215, 080000, Bittrex, 
20170215, 090000, Bittrex, 
20170215, 100000, Bittrex, 
20170215, 110000, Bittrex, 
20170215, 120000, Bittrex, 
20170215, 130000, Bittrex, 
20170215, 140000, Bittrex, 
20170215, 150000, Bittrex, 
20170215, 160000, Bittrex, 
20170215, 170000, Bittrex, 
20170215, 180000, Bittrex, 
20170215, 190000, Bittrex, 
20170215, 200000, Bittrex, 
20170215, 210000, Bittrex, 
20170215, 220000, Bittrex, 
20170215, 230000, Bittrex, 
20170216, 000000, Bittrex, 
20170216, 010000, Bittrex, 
20170216, 020000, Bittrex, 
20170216, 030000, Bittrex, 
20170216, 040000, Bittrex, 
20170216, 050000, Bittrex, 
20170216, 060000, Bittrex, 
20170216, 070000, Bittrex, 
20170216, 080000, Bittrex, 
20170216, 090000, Bittrex, 
20170216, 100000, Bittrex, 
20170216, 110000, Bittrex, 
20170216, 120000, Bittrex, 
20170216, 130000, Bittrex, 
20170216, 140000, Bittrex, 
20170216, 150000, Bittrex, 
20170216, 160000, Bittrex, 
20170216, 170000, Bittrex, 
20170216, 180000, Bittrex, 
20170216, 190000, Bittrex, 
20170216, 200000, Bittrex, 
20170216, 210000, Bittrex, 
20170216, 220000, Bittrex, 
20170216, 230000, Bittrex, 
20170217, 000000, Bittrex, 
20170217, 010000, Bittrex, 
20170217, 020000, Bittrex, 
20170217, 030000, Bittrex, 
20170217, 040000, Bittrex, 
20170217, 050000, Bittrex, 
20170217, 060000, Bittrex, 
20170217, 070000, Bittrex, 
20170217, 080000, Bittrex, 
20170217, 090000, Bittrex, 
20170217, 100000, Bittrex, 
20170217, 110000, Bittrex, 
20170217, 120000, Bittrex, 
20170217, 130000, Bittrex, 
20170217, 140000, Bittrex, 
20170217, 150000, Bittrex, 
20170217, 160000, Bittrex, 
20170217, 170000, Bittrex, 
20170217, 180000, Bittrex, 
20170217, 190000, Bittrex, 
20170217, 200000, Bittrex, 
20170217, 210000, Bittrex, 
20170217, 220000, Bittrex, 
20170217, 230000, Bittrex, 
20170218, 000000, Bittrex, 
20170218, 010000, Bittrex, 
20170218, 020000, Bittrex, 
20170218, 030000, Bittrex, 
20170218, 040000, Bittrex, 
20170218, 050000, Bittrex, 
20170218, 060000, Bittrex, 
20170218, 070000, Bittrex, 
20170218, 080000, Bittrex, 
20170218, 090000, Bittrex, 
20170218, 100000, Bittrex, 
20170218, 110000, Bittrex, 
20170218, 120000, Bittrex, 
20170218, 130000, Bittrex, 
20170218, 140000, Bittrex, 
20170218, 150000, Bittrex, 
20170218, 160000, Bittrex, 
20170218, 170000, Bittrex, 
20170218, 180000, Bittrex, 
20170218, 190000, Bittrex, 
20170218, 200000, Bittrex, 
20170218, 210000, Bittrex, 
20170218, 220000, Bittrex, 
20170218, 230000, Bittrex, 
20170219, 000000, Bittrex, 
20170219, 010000, Bittrex, 
20170219, 020000, Bittrex, 
20170219, 030000, Bittrex, 
20170219, 040000, Bittrex, 
20170219, 050000, Bittrex, 
20170219, 060000, Bittrex, 
20170219, 070000, Bittrex, 
20170219, 080000, Bittrex, 
20170219, 090000, Bittrex, 
20170219, 100000, Bittrex, 
20170219, 110000, Bittrex, 
20170219, 120000, Bittrex, 
20170219, 130000, Bittrex, 
20170219, 140000, Bittrex, 
20170219, 150000, Bittrex, 
20170219, 160000, Bittrex, 
20170219, 170000, Bittrex, 
20170219, 180000, Bittrex, 
20170219, 190000, Bittrex, 
20170219, 200000, Bittrex, 
20170219, 210000, Bittrex, 
20170219, 220000, Bittrex, 
20170219, 230000, Bittrex, 
20170220, 000000, Bittrex, 
20170220, 010000, Bittrex, 
20170220, 020000, Bittrex, 
20170220, 030000, Bittrex, 
20170220, 040000, Bittrex, 
20170220, 050000, Bittrex, 
20170220, 060000, Bittrex, 
20170220, 070000, Bittrex, 
20170220, 080000, Bittrex, 
20170220, 090000, Bittrex, 
20170220, 100000, Bittrex, 
20170220, 110000, Bittrex, 
20170220, 120000, Bittrex, 
20170220, 130000, Bittrex, 
20170220, 140000, Bittrex, 
20170220, 150000, Bittrex, 
20170220, 160000, Bittrex, 
20170220, 170000, Bittrex, 
20170220, 180000, Bittrex, 
20170220, 190000, Bittrex, 
20170220, 200000, Bittrex, 
20170220, 210000, Bittrex, 
20170220, 220000, Bittrex, 
20170220, 230000, Bittrex, 
20170221, 000000, Bittrex, 
20170221, 010000, Bittrex, 
20170221, 020000, Bittrex, 
20170221, 030000, Bittrex, 
20170221, 040000, Bittrex, 
20170221, 050000, Bittrex, 
20170221, 060000, Bittrex, 
20170221, 070000, Bittrex, 
20170221, 080000, Bittrex, 
20170221, 090000, Bittrex, 
20170221, 100000, Bittrex, 
20170221, 110000, Bittrex, 
20170221, 120000, Bittrex, 
20170221, 130000, Bittrex, 
20170221, 140000, Bittrex, 
20170221, 150000, Bittrex, 
20170221, 160000, Bittrex, 
20170221, 170000, Bittrex, 
20170221, 180000, Bittrex, 
20170221, 190000, Bittrex, 
20170221, 200000, Bittrex, 
20170221, 210000, Bittrex, 
20170221, 220000, Bittrex, 
20170221, 230000, Bittrex, 
20170222, 000000, Bittrex, 
20170222, 010000, Bittrex, 
20170222, 020000, Bittrex, 
20170222, 030000, Bittrex, 
20170222, 040000, Bittrex, 
20170222, 050000, Bittrex, 
20170222, 060000, Bittrex, 
20170222, 070000, Bittrex, 
20170222, 080000, Bittrex, 
20170222, 090000, Bittrex, 
20170222, 100000, Bittrex, 
20170222, 110000, Bittrex, 
20170222, 120000, Bittrex, 
20170222, 130000, Bittrex, 
20170222, 140000, Bittrex, 
20170222, 150000, Bittrex, 
20170222, 160000, Bittrex, 
20170222, 170000, Bittrex, 
20170222, 180000, Bittrex, 
20170222, 190000, Bittrex, 
20170222, 200000, Bittrex, 
20170222, 210000, Bittrex, 
20170222, 220000, Bittrex, 
20170222, 230000, Bittrex, 
20170223, 000000, Bittrex, 
20170223, 010000, Bittrex, 
20170223, 020000, Bittrex, 
20170223, 030000, Bittrex, 
20170223, 040000, Bittrex, 
20170223, 050000, Bittrex, 
20170223, 060000, Bittrex, 
20170223, 070000, Bittrex, 
20170223, 080000, Bittrex, 
20170223, 090000, Bittrex, 
20170223, 100000, Bittrex, 
20170223, 110000, Bittrex, 
20170223, 120000, Bittrex, 
20170223, 130000, Bittrex, 
20170223, 140000, Bittrex, 
20170223, 150000, Bittrex, 
20170223, 160000, Bittrex, 
20170223, 170000, Bittrex, 
20170223, 180000, Bittrex, 
20170223, 190000, Bittrex, 
20170223, 200000, Bittrex, 
20170223, 210000, Bittrex, 
20170223, 220000, Bittrex, 
20170223, 230000, Bittrex, 
20170224, 000000, Bittrex, 
20170224, 010000, Bittrex, 
20170224, 020000, Bittrex, 
20170224, 030000, Bittrex, 
20170224, 040000, Bittrex, 
20170224, 050000, Bittrex, 
20170224, 060000, Bittrex, 
20170224, 070000, Bittrex, 
20170224, 080000, Bittrex, 
20170224, 090000, Bittrex, 
20170224, 100000, Bittrex, 
20170224, 110000, Bittrex, 
20170224, 120000, Bittrex, 
20170224, 130000, Bittrex, 
20170224, 140000, Bittrex, 
20170224, 150000, Bittrex, 
20170224, 160000, Bittrex, 
20170224, 170000, Bittrex, 
20170224, 180000, Bittrex, 
20170224, 190000, Bittrex, 
20170224, 200000, Bittrex, 
20170224, 210000, Bittrex, 
20170224, 220000, Bittrex, 
20170224, 230000, Bittrex, 
20170225, 000000, Bittrex, 
20170225, 010000, Bittrex, 
20170225, 020000, Bittrex, 
20170225, 030000, Bittrex, 
20170225, 040000, Bittrex, 
20170225, 050000, Bittrex, 
20170225, 060000, Bittrex, 
20170225, 070000, Bittrex, 
20170225, 080000, Bittrex, 
20170225, 090000, Bittrex, 
20170225, 100000, Bittrex, 
20170225, 110000, Bittrex, 
20170225, 120000, Bittrex, 
20170225, 130000, Bittrex, 
20170225, 140000, Bittrex, 
20170225, 150000, Bittrex, 
20170225, 160000, Bittrex, 
20170225, 170000, Bittrex, 
20170225, 180000, Bittrex, 
20170225, 190000, Bittrex, 
20170225, 200000, Bittrex, 
20170225, 210000, Bittrex, 
20170225, 220000, Bittrex, 
20170225, 230000, Bittrex, 
20170226, 000000, Bittrex, 
20170226, 010000, Bittrex, 
20170226, 020000, Bittrex, 
20170226, 030000, Bittrex, 
20170226, 040000, Bittrex, 
20170226, 050000, Bittrex, 
20170226, 060000, Bittrex, 
20170226, 070000, Bittrex, 
20170226, 080000, Bittrex, 
20170226, 090000, Bittrex, 
20170226, 100000, Bittrex, 
20170226, 110000, Bittrex, 
20170226, 120000, Bittrex, 
20170226, 130000, Bittrex, 
20170226, 140000, Bittrex, 
20170226, 150000, Bittrex, 
20170226, 160000, Bittrex, 
20170226, 170000, Bittrex, 
20170226, 180000, Bittrex, 
20170226, 190000, Bittrex, 
20170226, 200000, Bittrex, 
20170226, 210000, Bittrex, 
20170226, 220000, Bittrex, 
20170226, 230000, Bittrex, 
20170227, 000000, Bittrex, 
20170227, 010000, Bittrex, 
20170227, 020000, Bittrex, 
20170227, 030000, Bittrex, 
20170227, 040000, Bittrex, 
20170227, 050000, Bittrex, 
20170227, 060000, Bittrex, 
20170227, 070000, Bittrex, 
20170227, 080000, Bittrex, 
20170227, 090000, Bittrex, 
20170227, 100000, Bittrex, 
20170227, 110000, Bittrex, 
20170227, 120000, Bittrex, 
20170227, 130000, Bittrex, 
20170227, 140000, Bittrex, 
20170227, 150000, Bittrex, 
20170227, 160000, Bittrex, 
20170227, 170000, Bittrex, 
20170227, 180000, Bittrex, 
20170227, 190000, Bittrex, 
20170227, 200000, Bittrex, 
20170227, 210000, Bittrex, 
20170227, 220000, Bittrex, 
20170227, 230000, Bittrex, 
20170228, 000000, Bittrex, 
20170228, 010000, Bittrex, 
20170228, 020000, Bittrex, 
20170228, 030000, Bittrex, 
20170228, 040000, Bittrex, 
20170228, 050000, Bittrex, 
20170228, 060000, Bittrex, 
20170228, 070000, Bittrex, 
20170228, 080000, Bittrex, 
20170228, 090000, Bittrex, 
20170228, 100000, Bittrex, 
20170228, 110000, Bittrex, 
20170228, 120000, Bittrex, 
20170228, 130000, Bittrex, 
20170228, 140000, Bittrex, 
20170228, 150000, Bittrex, 
20170228, 160000, Bittrex, 
20170228, 170000, Bittrex, 
20170228, 180000, Bittrex, 
20170228, 190000, Bittrex, 
20170228, 200000, Bittrex, 
20170228, 210000, Bittrex, 
20170228, 220000, Bittrex, 
20170228, 230000, Bittrex, 
20170301, 000000, Bittrex, 
20170301, 010000, Bittrex, 
20170301, 020000, Bittrex, 
20170301, 030000, Bittrex, 
20170301, 040000, Bittrex, 
20170301, 050000, Bittrex, 
20170301, 060000, Bittrex, 
20170301, 070000, Bittrex, 
20170301, 080000, Bittrex, 
20170301, 090000, Bittrex, 
20170301, 100000, Bittrex, 
20170301, 110000, Bittrex, 
20170301, 120000, Bittrex, 
20170301, 130000, Bittrex, 
20170301, 140000, Bittrex, 
20170301, 150000, Bittrex, 
20170301, 160000, Bittrex, 
20170301, 170000, Bittrex, 
20170301, 180000, Bittrex, 
20170301, 190000, Bittrex, 
20170301, 200000, Bittrex, 
20170301, 210000, Bittrex, 
20170301, 220000, Bittrex, 
20170301, 230000, Bittrex, 
20170302, 000000, Bittrex, 
20170302, 010000, Bittrex, 
20170302, 020000, Bittrex, 
20170302, 030000, Bittrex, 
20170302, 040000, Bittrex, 
20170302, 050000, Bittrex, 
20170302, 060000, Bittrex, 
20170302, 070000, Bittrex, 
20170302, 080000, Bittrex, 
20170302, 090000, Bittrex, 
20170302, 100000, Bittrex, 
20170302, 110000, Bittrex, 
20170302, 120000, Bittrex, 
20170302, 130000, Bittrex, 
20170302, 140000, Bittrex, 
20170302, 150000, Bittrex, 
20170302, 160000, Bittrex, 
20170302, 170000, Bittrex, 
20170302, 180000, Bittrex, 
20170302, 190000, Bittrex, 
20170302, 200000, Bittrex, 
20170302, 210000, Bittrex, 
20170302, 220000, Bittrex, 
20170302, 230000, Bittrex, 
20170303, 000000, Bittrex, 
20170303, 010000, Bittrex, 
20170303, 020000, Bittrex, 
20170303, 030000, Bittrex, 
20170303, 040000, Bittrex, 
20170303, 050000, Bittrex, 
20170303, 060000, Bittrex, 
20170303, 070000, Bittrex, 
20170303, 080000, Bittrex, 
20170303, 090000, Bittrex, 
20170303, 100000, Bittrex, 
20170303, 110000, Bittrex, 
20170303, 120000, Bittrex, 
20170303, 130000, Bittrex, 
20170303, 140000, Bittrex, 
20170303, 150000, Bittrex, 
20170303, 160000, Bittrex, 
20170303, 170000, Bittrex, 
20170303, 180000, Bittrex, 
20170303, 190000, Bittrex, 
20170303, 200000, Bittrex, 
20170303, 210000, Bittrex, 
20170303, 220000, Bittrex, 
20170303, 230000, Bittrex, 
20170304, 000000, Bittrex, 
20170304, 010000, Bittrex, 
20170304, 020000, Bittrex, 
20170304, 030000, Bittrex, 
20170304, 040000, Bittrex, 
20170304, 050000, Bittrex, 
20170304, 060000, Bittrex, 
20170304, 070000, Bittrex, 
20170304, 080000, Bittrex, 
20170304, 090000, Bittrex, 
20170304, 100000, Bittrex, 
20170304, 110000, Bittrex, 
20170304, 120000, Bittrex, 
20170304, 130000, Bittrex, 
20170304, 140000, Bittrex, 
20170304, 150000, Bittrex, 
20170304, 160000, Bittrex, 
20170304, 170000, Bittrex, 
20170304, 180000, Bittrex, 
20170304, 190000, Bittrex, 
20170304, 200000, Bittrex, 
20170304, 210000, Bittrex, 
20170304, 220000, Bittrex, 
20170304, 230000, Bittrex, 
20170305, 000000, Bittrex, 
20170305, 010000, Bittrex, 
20170305, 020000, Bittrex, 
20170305, 030000, Bittrex, 
20170305, 040000, Bittrex, 
20170305, 050000, Bittrex, 
20170305, 060000, Bittrex, 
20170305, 070000, Bittrex, 
20170305, 080000, Bittrex, 
20170305, 090000, Bittrex, 
20170305, 100000, Bittrex, 
20170305, 110000, Bittrex, 
20170305, 120000, Bittrex, 
20170305, 130000, Bittrex, 
20170305, 140000, Bittrex, 
20170305, 150000, Bittrex, 
20170305, 160000, Bittrex, 
20170305, 170000, Bittrex, 
20170305, 180000, Bittrex, 
20170305, 190000, Bittrex, 
20170305, 200000, Bittrex, 
20170305, 210000, Bittrex, 
20170305, 220000, Bittrex, 
20170305, 230000, Bittrex, 
20170306, 000000, Bittrex, 
20170306, 010000, Bittrex, 
20170306, 020000, Bittrex, 
20170306, 030000, Bittrex, 
20170306, 040000, Bittrex, 
20170306, 050000, Bittrex, 
20170306, 060000, Bittrex, 
20170306, 070000, Bittrex, 
20170306, 080000, Bittrex, 
20170306, 090000, Bittrex, 
20170306, 100000, Bittrex, 
20170306, 110000, Bittrex, 
20170306, 120000, Bittrex, 
20170306, 130000, Bittrex, 
20170306, 140000, Bittrex, 
20170306, 150000, Bittrex, 
20170306, 160000, Bittrex, 
20170306, 170000, Bittrex, 
20170306, 180000, Bittrex, 
20170306, 190000, Bittrex, 
20170306, 200000, Bittrex, 
20170306, 210000, Bittrex, 
20170306, 220000, Bittrex, 
20170306, 230000, Bittrex, 
20170307, 000000, Bittrex, 
20170307, 010000, Bittrex, 
20170307, 020000, Bittrex, 
20170307, 030000, Bittrex, 
20170307, 040000, Bittrex, 
20170307, 050000, Bittrex, 
20170307, 060000, Bittrex, 
20170307, 070000, Bittrex, 
20170307, 080000, Bittrex, 
20170307, 090000, Bittrex, 
20170307, 100000, Bittrex, 
20170307, 110000, Bittrex, 
20170307, 120000, Bittrex, 
20170307, 130000, Bittrex, 
20170307, 140000, Bittrex, 
20170307, 150000, Bittrex, 
20170307, 160000, Bittrex, 
20170307, 170000, Bittrex, 
20170307, 180000, Bittrex, 
20170307, 190000, Bittrex, 
20170307, 200000, Bittrex, 
20170307, 210000, Bittrex, 
20170307, 220000, Bittrex, 
20170307, 230000, Bittrex, 
20170308, 000000, Bittrex, 
20170308, 010000, Bittrex, 
20170308, 020000, Bittrex, 
20170308, 030000, Bittrex, 
20170308, 040000, Bittrex, 
20170308, 050000, Bittrex, 
20170308, 060000, Bittrex, 
20170308, 070000, Bittrex, 
20170308, 080000, Bittrex, 
20170308, 090000, Bittrex, 
20170308, 100000, Bittrex, 
20170308, 110000, Bittrex, 
20170308, 120000, Bittrex, 
20170308, 130000, Bittrex, 
20170308, 140000, Bittrex, 
20170308, 150000, Bittrex, 
20170308, 160000, Bittrex, 
20170308, 170000, Bittrex, 
20170308, 180000, Bittrex, 
20170308, 190000, Bittrex, 
20170308, 200000, Bittrex, 
20170308, 210000, Bittrex, 
20170308, 220000, Bittrex, 
20170308, 230000, Bittrex, 
20170309, 000000, Bittrex, 
20170309, 010000, Bittrex, 
20170309, 020000, Bittrex, 
20170309, 030000, Bittrex, 
20170309, 040000, Bittrex, 
20170309, 050000, Bittrex, 
20170309, 060000, Bittrex, 
20170309, 070000, Bittrex, 
20170309, 080000, Bittrex, 
20170309, 090000, Bittrex, 
20170309, 100000, Bittrex, 
20170309, 110000, Bittrex, 
20170309, 120000, Bittrex, 
20170309, 130000, Bittrex, 
20170309, 140000, Bittrex, 
20170309, 150000, Bittrex, 
20170309, 160000, Bittrex, 
20170309, 170000, Bittrex, 
20170309, 180000, Bittrex, 
20170309, 190000, Bittrex, 
20170309, 200000, Bittrex, 
20170309, 210000, Bittrex, 
20170309, 220000, Bittrex, 
20170309, 230000, Bittrex, 
20170310, 000000, Bittrex, 
20170310, 010000, Bittrex, 
20170310, 020000, Bittrex, 
20170310, 030000, Bittrex, 
20170310, 040000, Bittrex, 
20170310, 050000, Bittrex, 
20170310, 060000, Bittrex, 
20170310, 070000, Bittrex, 
20170310, 080000, Bittrex, 
20170310, 090000, Bittrex, 
20170310, 100000, Bittrex, 
20170310, 110000, Bittrex, 
20170310, 120000, Bittrex, 
20170310, 130000, Bittrex, 
20170310, 140000, Bittrex, 
20170310, 150000, Bittrex, 
20170310, 160000, Bittrex, 
20170310, 170000, Bittrex, 
20170310, 180000, Bittrex, 
20170310, 190000, Bittrex, 
20170310, 200000, Bittrex, 
20170310, 210000, Bittrex, 
20170310, 220000, Bittrex, 
20170310, 230000, Bittrex, 
20170311, 000000, Bittrex, 
20170311, 010000, Bittrex, 
20170311, 020000, Bittrex, 
20170311, 030000, Bittrex, 
20170311, 040000, Bittrex, 
20170311, 050000, Bittrex, 
20170311, 060000, Bittrex, 
20170311, 070000, Bittrex, 
20170311, 080000, Bittrex, 
20170311, 090000, Bittrex, 
20170311, 100000, Bittrex, 
20170311, 110000, Bittrex, 
20170311, 120000, Bittrex, 
20170311, 130000, Bittrex, 
20170311, 140000, Bittrex, 
20170311, 150000, Bittrex, 
20170311, 160000, Bittrex, 
20170311, 170000, Bittrex, 
20170311, 180000, Bittrex, 
20170311, 190000, Bittrex, 
20170311, 200000, Bittrex, 
20170311, 210000, Bittrex, 
20170311, 220000, Bittrex, 
20170311, 230000, Bittrex, 
20170312, 000000, Bittrex, 
20170312, 010000, Bittrex, 
20170312, 030000, Bittrex, 
20170312, 040000, Bittrex, 
20170312, 050000, Bittrex, 
20170312, 060000, Bittrex, 
20170312, 070000, Bittrex, 
20170312, 080000, Bittrex, 
20170312, 090000, Bittrex, 
20170312, 100000, Bittrex, 
20170312, 110000, Bittrex, 
20170312, 120000, Bittrex, 
20170312, 130000, Bittrex, 
20170312, 140000, Bittrex, 
20170312, 150000, Bittrex, 
20170312, 160000, Bittrex, 
20170312, 170000, Bittrex, 
20170312, 180000, Bittrex, 
20170312, 190000, Bittrex, 
20170312, 200000, Bittrex, 
20170312, 210000, Bittrex, 
20170312, 220000, Bittrex, 
20170312, 230000, Bittrex, 
20170313, 000000, Bittrex, 
20170313, 010000, Bittrex, 
20170313, 020000, Bittrex, 
20170313, 030000, Bittrex, 
20170313, 040000, Bittrex, 
20170313, 050000, Bittrex, 
20170313, 060000, Bittrex, 
20170313, 070000, Bittrex, 
20170313, 080000, Bittrex, 
20170313, 090000, Bittrex, 
20170313, 100000, Bittrex, 
20170313, 110000, Bittrex, 
20170313, 120000, Bittrex, 
20170313, 130000, Bittrex, 
20170313, 140000, Bittrex, 
20170313, 150000, Bittrex, 
20170313, 160000, Bittrex, 
20170313, 170000, Bittrex, 
20170313, 180000, Bittrex, 
20170313, 190000, Bittrex, 
20170313, 200000, Bittrex, 
20170313, 210000, Bittrex, 
20170313, 220000, Bittrex, 
20170313, 230000, Bittrex, 
20170314, 000000, Bittrex, 
20170314, 010000, Bittrex, 
20170314, 020000, Bittrex, 
20170314, 030000, Bittrex, 
20170314, 040000, Bittrex, 
20170314, 050000, Bittrex, 
20170314, 060000, Bittrex, 
20170314, 070000, Bittrex, 
20170314, 080000, Bittrex, 
20170314, 090000, Bittrex, 
20170314, 100000, Bittrex, 
20170314, 110000, Bittrex, 
20170314, 120000, Bittrex, 
20170314, 130000, Bittrex, 
20170314, 140000, Bittrex, 
20170314, 150000, Bittrex, 
20170314, 160000, Bittrex, 
20170314, 170000, Bittrex, 
20170314, 180000, Bittrex, 
20170314, 190000, Bittrex, 
20170314, 200000, Bittrex, 
20170314, 210000, Bittrex, 
20170314, 220000, Bittrex, 
20170314, 230000, Bittrex, 
20170315, 000000, Bittrex, 
20170315, 010000, Bittrex, 
20170315, 020000, Bittrex, 
20170315, 030000, Bittrex, 
20170315, 040000, Bittrex, 
20170315, 050000, Bittrex, 
20170315, 060000, Bittrex, 
20170315, 070000, Bittrex, 
20170315, 080000, Bittrex, 
20170315, 090000, Bittrex, 
20170315, 100000, Bittrex, 
20170315, 110000, Bittrex, 
20170315, 120000, Bittrex, 
20170315, 130000, Bittrex, 
20170315, 140000, Bittrex, 
20170315, 150000, Bittrex, 
20170315, 160000, Bittrex, 
20170315, 170000, Bittrex, 
20170315, 180000, Bittrex, 
20170315, 190000, Bittrex, 
20170315, 200000, Bittrex, 
20170315, 210000, Bittrex, 
20170315, 220000, Bittrex, 
20170315, 230000, Bittrex, 
20170316, 000000, Bittrex, 
20170316, 010000, Bittrex, 
20170316, 020000, Bittrex, 
20170316, 030000, Bittrex, 
20170316, 040000, Bittrex, 
20170316, 050000, Bittrex, 
20170316, 060000, Bittrex, 
20170316, 070000, Bittrex, 
20170316, 080000, Bittrex, 
20170316, 090000, Bittrex, 
20170316, 100000, Bittrex, 
20170316, 110000, Bittrex, 
20170316, 120000, Bittrex, 
20170316, 130000, Bittrex, 
20170316, 140000, Bittrex, 
20170316, 150000, Bittrex, 
20170316, 160000, Bittrex, 
20170316, 170000, Bittrex, 
20170316, 180000, Bittrex, 
20170316, 190000, Bittrex, 
20170316, 200000, Bittrex, 
20170316, 210000, Bittrex, 
20170316, 220000, Bittrex, 
20170316, 230000, Bittrex, 
20170317, 000000, Bittrex, 
20170317, 010000, Bittrex, 
20170317, 020000, Bittrex, 
20170317, 030000, Bittrex, 
20170317, 040000, Bittrex, 
20170317, 050000, Bittrex, 
20170317, 060000, Bittrex, 
20170317, 070000, Bittrex, 
20170317, 080000, Bittrex, 
20170317, 090000, Bittrex, 
20170317, 100000, Bittrex, 
20170317, 110000, Bittrex, 
20170317, 120000, Bittrex, 
20170317, 130000, Bittrex, 
20170317, 140000, Bittrex, 
20170317, 150000, Bittrex, 
20170317, 160000, Bittrex, 
20170317, 170000, Bittrex, 
20170317, 180000, Bittrex, 
20170317, 190000, Bittrex, 
20170317, 200000, Bittrex, 
20170317, 210000, Bittrex, 
20170317, 220000, Bittrex, 
20170317, 230000, Bittrex, 
20170318, 000000, Bittrex, 
20170318, 010000, Bittrex, 
20170318, 020000, Bittrex, 
20170318, 030000, Bittrex, 
20170318, 040000, Bittrex, 
20170318, 050000, Bittrex, 
20170318, 060000, Bittrex, 
20170318, 070000, Bittrex, 
20170318, 080000, Bittrex, 
20170318, 090000, Bittrex, 
20170318, 100000, Bittrex, 
20170318, 110000, Bittrex, 
20170318, 120000, Bittrex, 
20170318, 130000, Bittrex, 
20170318, 140000, Bittrex, 
20170318, 150000, Bittrex, 
20170318, 160000, Bittrex, 
20170318, 170000, Bittrex, 
20170318, 180000, Bittrex, 
20170318, 190000, Bittrex, 
20170318, 200000, Bittrex, 
20170318, 210000, Bittrex, 
20170318, 220000, Bittrex, 
20170318, 230000, Bittrex, 
20170319, 000000, Bittrex, 
20170319, 010000, Bittrex, 
20170319, 020000, Bittrex, 
20170319, 030000, Bittrex, 
20170319, 040000, Bittrex, 
20170319, 050000, Bittrex, 
20170319, 060000, Bittrex, 
20170319, 070000, Bittrex, 
20170319, 080000, Bittrex, 
20170319, 090000, Bittrex, 
20170319, 100000, Bittrex, 
20170319, 110000, Bittrex, 
20170319, 120000, Bittrex, 
20170319, 130000, Bittrex, 
20170319, 140000, Bittrex, 
20170319, 150000, Bittrex, 
20170319, 160000, Bittrex, 
20170319, 170000, Bittrex, 
20170319, 180000, Bittrex, 
20170319, 190000, Bittrex, 
20170319, 200000, Bittrex, 
20170319, 210000, Bittrex, 
20170319, 220000, Bittrex, 
20170319, 230000, Bittrex, 
20170320, 000000, Bittrex, 
20170320, 010000, Bittrex, 
20170320, 020000, Bittrex, 
20170320, 030000, Bittrex, 
20170320, 040000, Bittrex, 
20170320, 050000, Bittrex, 
20170320, 060000, Bittrex, 
20170320, 070000, Bittrex, 
20170320, 080000, Bittrex, 
20170320, 090000, Bittrex, 
20170320, 100000, Bittrex, 
20170320, 110000, Bittrex, 
20170320, 120000, Bittrex, 
20170320, 130000, Bittrex, 
20170320, 140000, Bittrex, 
20170320, 150000, Bittrex, 
20170320, 160000, Bittrex, 
20170320, 170000, Bittrex, 
20170320, 180000, Bittrex, 
20170320, 190000, Bittrex, 
20170320, 200000, Bittrex, 
20170320, 210000, Bittrex, 
20170320, 220000, Bittrex, 
20170320, 230000, Bittrex, 
20170321, 000000, Bittrex, 
20170321, 010000, Bittrex, 
20170321, 020000, Bittrex, 
20170321, 030000, Bittrex, 
20170321, 040000, Bittrex, 
20170321, 050000, Bittrex, 
20170321, 060000, Bittrex, 
20170321, 070000, Bittrex, 
20170321, 080000, Bittrex, 
20170321, 090000, Bittrex, 
20170321, 100000, Bittrex, 
20170321, 110000, Bittrex, 
20170321, 120000, Bittrex, 
20170321, 130000, Bittrex, 
20170321, 140000, Bittrex, 
20170321, 150000, Bittrex, 
20170321, 160000, Bittrex, 
20170321, 170000, Bittrex, 
20170321, 180000, Bittrex, 
20170321, 190000, Bittrex, 
20170321, 200000, Bittrex, 
20170321, 210000, Bittrex, 
20170321, 220000, Bittrex, 
20170321, 230000, Bittrex, 
20170322, 000000, Bittrex, 
20170322, 010000, Bittrex, 
20170322, 020000, Bittrex, 
20170322, 030000, Bittrex, 
20170322, 040000, Bittrex, 
20170322, 050000, Bittrex, 
20170322, 060000, Bittrex, 
20170322, 070000, Bittrex, 
20170322, 080000, Bittrex, 
20170322, 090000, Bittrex, 
20170322, 100000, Bittrex, 
20170322, 110000, Bittrex, 
20170322, 120000, Bittrex, 
20170322, 130000, Bittrex, 
20170322, 140000, Bittrex, 
20170322, 150000, Bittrex, 
20170322, 160000, Bittrex, 
20170322, 170000, Bittrex, 
20170322, 180000, Bittrex, 
20170322, 190000, Bittrex, 
20170322, 200000, Bittrex, 
20170322, 210000, Bittrex, 
20170322, 220000, Bittrex, 
20170322, 230000, Bittrex, 
20170323, 000000, Bittrex, 
20170323, 010000, Bittrex, 
20170323, 020000, Bittrex, 
20170323, 030000, Bittrex, 
20170323, 040000, Bittrex, 
20170323, 050000, Bittrex, 
20170323, 060000, Bittrex, 
20170323, 070000, Bittrex, 
20170323, 080000, Bittrex, 
20170323, 090000, Bittrex, 
20170323, 100000, Bittrex, 
20170323, 110000, Bittrex, 
20170323, 120000, Bittrex, 
20170323, 130000, Bittrex, 
20170323, 140000, Bittrex, 
20170323, 150000, Bittrex, 
20170323, 160000, Bittrex, 
20170323, 170000, Bittrex, 
20170323, 180000, Bittrex, 
20170323, 190000, Bittrex, 
20170323, 200000, Bittrex, 
20170323, 210000, Bittrex, 
20170323, 220000, Bittrex, 
20170323, 230000, Bittrex, 
20170324, 000000, Bittrex, 
20170324, 010000, Bittrex, 
20170324, 020000, Bittrex, 
20170324, 030000, Bittrex, 
20170324, 040000, Bittrex, 
20170324, 050000, Bittrex, 
20170324, 060000, Bittrex, 
20170324, 070000, Bittrex, 
20170324, 080000, Bittrex, 
20170324, 090000, Bittrex, 
20170324, 100000, Bittrex, 
20170324, 110000, Bittrex, 
20170324, 120000, Bittrex, 
20170324, 130000, Bittrex, 
20170324, 140000, Bittrex, 
20170324, 150000, Bittrex, 
20170324, 160000, Bittrex, 
20170324, 170000, Bittrex, 
20170324, 180000, Bittrex, 
20170324, 190000, Bittrex, 
20170324, 200000, Bittrex, 
20170324, 210000, Bittrex, 
20170324, 220000, Bittrex, 
20170324, 230000, Bittrex, 
20170325, 000000, Bittrex, 
20170325, 010000, Bittrex, 
20170325, 020000, Bittrex, 
20170325, 030000, Bittrex, 
20170325, 040000, Bittrex, 
20170325, 050000, Bittrex, 
20170325, 060000, Bittrex, 
20170325, 070000, Bittrex, 
20170325, 080000, Bittrex, 
20170325, 090000, Bittrex, 
20170325, 100000, Bittrex, 
20170325, 110000, Bittrex, 
20170325, 120000, Bittrex, 
20170325, 130000, Bittrex, 
20170325, 140000, Bittrex, 
20170325, 150000, Bittrex, 
20170325, 160000, Bittrex, 
20170325, 170000, Bittrex, 
20170325, 180000, Bittrex, 
20170325, 190000, Bittrex, 
20170325, 200000, Bittrex, 
20170325, 210000, Bittrex, 
20170325, 220000, Bittrex, 
20170325, 230000, Bittrex, 
20170326, 000000, Bittrex, 
20170326, 010000, Bittrex, 
20170326, 020000, Bittrex, 
20170326, 030000, Bittrex, 
20170326, 040000, Bittrex, 
20170326, 050000, Bittrex, 
20170326, 060000, Bittrex, 
20170326, 070000, Bittrex, 
20170326, 080000, Bittrex, 
20170326, 090000, Bittrex, 
20170326, 100000, Bittrex, 
20170326, 110000, Bittrex, 
20170326, 120000, Bittrex, 
20170326, 130000, Bittrex, 
20170326, 140000, Bittrex, 
20170326, 150000, Bittrex, 
20170326, 160000, Bittrex, 
20170326, 170000, Bittrex, 
20170326, 180000, Bittrex, 
20170326, 190000, Bittrex, 
20170326, 200000, Bittrex, 
20170326, 210000, Bittrex, 
20170326, 220000, Bittrex, 
20170326, 230000, Bittrex, 
20170327, 000000, Bittrex, 
20170327, 010000, Bittrex, 
20170327, 020000, Bittrex, 
20170327, 030000, Bittrex, 
20170327, 040000, Bittrex, 
20170327, 050000, Bittrex, 
20170327, 060000, Bittrex, 
20170327, 070000, Bittrex, 
20170327, 080000, Bittrex, 
20170327, 090000, Bittrex, 
20170327, 100000, Bittrex, 
20170327, 110000, Bittrex, 
20170327, 120000, Bittrex, 
20170327, 130000, Bittrex, 
20170327, 140000, Bittrex, 
20170327, 150000, Bittrex, 
20170327, 160000, Bittrex, 
20170327, 170000, Bittrex, 
20170327, 180000, Bittrex, 
20170327, 190000, Bittrex, 
20170327, 200000, Bittrex, 
20170327, 210000, Bittrex, 
20170327, 220000, Bittrex, 
20170327, 230000, Bittrex, 
20170328, 000000, Bittrex, 
20170328, 010000, Bittrex, 
20170328, 020000, Bittrex, 
20170328, 030000, Bittrex, 
20170328, 040000, Bittrex, 
20170328, 050000, Bittrex, 
20170328, 060000, Bittrex, 
20170328, 070000, Bittrex, 
20170328, 080000, Bittrex, 
20170328, 090000, Bittrex, 
20170328, 100000, Bittrex, 
20170328, 110000, Bittrex, 
20170328, 120000, Bittrex, 
20170328, 130000, Bittrex, 
20170328, 140000, Bittrex, 
20170328, 150000, Bittrex, 
20170328, 160000, Bittrex, 
20170328, 170000, Bittrex, 
20170328, 180000, Bittrex, 
20170328, 190000, Bittrex, 
20170328, 200000, Bittrex, 
20170328, 210000, Bittrex, 
20170328, 220000, Bittrex, 
20170328, 230000, Bittrex, 
20170329, 000000, Bittrex, 
20170329, 010000, Bittrex, 
20170329, 020000, Bittrex, 
20170329, 030000, Bittrex, 
20170329, 040000, Bittrex, 
20170329, 050000, Bittrex, 
20170329, 060000, Bittrex, 
20170329, 070000, Bittrex, 
20170329, 080000, Bittrex, 
20170329, 090000, Bittrex, 
20170329, 100000, Bittrex, 
20170329, 110000, Bittrex, 
20170329, 120000, Bittrex, 
20170329, 130000, Bittrex, 
20170329, 140000, Bittrex, 
20170329, 150000, Bittrex, 
20170329, 160000, Bittrex, 
20170329, 170000, Bittrex, 
20170329, 180000, Bittrex, 
20170329, 190000, Bittrex, 
20170329, 200000, Bittrex, 
20170329, 210000, Bittrex, 
20170329, 220000, Bittrex, 
20170329, 230000, Bittrex, 
20170330, 000000, Bittrex, 
20170330, 010000, Bittrex, 
20170330, 020000, Bittrex, 
20170330, 030000, Bittrex, 
20170330, 040000, Bittrex, 
20170330, 050000, Bittrex, 
20170330, 060000, Bittrex, 
20170330, 070000, Bittrex, 
20170330, 080000, Bittrex, 
20170330, 090000, Bittrex, 
20170330, 100000, Bittrex, 
20170330, 110000, Bittrex, 
20170330, 120000, Bittrex, 
20170330, 130000, Bittrex, 
20170330, 140000, Bittrex, 
20170330, 150000, Bittrex, 
20170330, 160000, Bittrex, 
20170330, 170000, Bittrex, 
20170330, 180000, Bittrex, 
20170330, 190000, Bittrex, 
20170330, 200000, Bittrex, 
20170330, 210000, Bittrex, 
20170330, 220000, Bittrex, 
20170330, 230000, Bittrex, 
20170331, 000000, Bittrex, 
20170331, 010000, Bittrex, 
20170331, 020000, Bittrex, 
20170331, 030000, Bittrex, 
20170331, 040000, Bittrex, 
20170331, 050000, Bittrex, 
20170331, 060000, Bittrex, 
20170331, 070000, Bittrex, 
20170331, 080000, Bittrex, 
20170331, 090000, Bittrex, 
20170331, 100000, Bittrex, 
20170331, 110000, Bittrex, 
20170331, 120000, Bittrex, 
20170331, 130000, Bittrex, 
20170331, 140000, Bittrex, 
20170331, 150000, Bittrex, 
20170331, 160000, Bittrex, 
20170331, 170000, Bittrex, 
20170331, 180000, Bittrex, 
20170331, 190000, Bittrex, 
20170331, 200000, Bittrex, 
20170331, 210000, Bittrex, 
20170331, 220000, Bittrex, 
20170331, 230000, Bittrex, 
20170401, 000000, Bittrex, 
20170401, 010000, Bittrex, 
20170401, 020000, Bittrex, 
20170401, 030000, Bittrex, 
20170401, 040000, Bittrex, 
20170401, 050000, Bittrex, 
20170401, 060000, Bittrex, 
20170401, 070000, Bittrex, 
20170401, 080000, Bittrex, 
20170401, 090000, Bittrex, 
20170401, 100000, Bittrex, 
20170401, 110000, Bittrex, 
20170401, 120000, Bittrex, 
20170401, 130000, Bittrex, 
20170401, 140000, Bittrex, 
20170401, 150000, Bittrex, 
20170401, 160000, Bittrex, 
20170401, 170000, Bittrex, 
20170401, 180000, Bittrex, 
20170401, 190000, Bittrex, 
20170401, 200000, Bittrex, 
20170401, 210000, Bittrex, 
20170401, 220000, Bittrex, 
20170401, 230000, Bittrex, 
20170402, 000000, Bittrex, 
20170402, 010000, Bittrex, 
20170402, 020000, Bittrex, 
20170402, 030000, Bittrex, 
20170402, 040000, Bittrex, 
20170402, 050000, Bittrex, 
20170402, 060000, Bittrex, 
20170402, 070000, Bittrex, 
20170402, 080000, Bittrex, 
20170402, 090000, Bittrex, 
20170402, 100000, Bittrex, 
20170402, 110000, Bittrex, 
20170402, 120000, Bittrex, 
20170402, 130000, Bittrex, 
20170402, 140000, Bittrex, 
20170402, 150000, Bittrex, 
20170402, 160000, Bittrex, 
20170402, 170000, Bittrex, 
20170402, 180000, Bittrex, 
20170402, 190000, Bittrex, 
20170402, 200000, Bittrex, 
20170402, 210000, Bittrex, 
20170402, 220000, Bittrex, 
20170402, 230000, Bittrex, 
20170403, 000000, Bittrex, 
20170403, 010000, Bittrex, 
20170403, 020000, Bittrex, 
20170403, 030000, Bittrex, 
20170403, 040000, Bittrex, 
20170403, 050000, Bittrex, 
20170403, 060000, Bittrex, 
20170403, 070000, Bittrex, 
20170403, 080000, Bittrex, 
20170403, 090000, Bittrex, 
20170403, 100000, Bittrex, 
20170403, 110000, Bittrex, 
20170403, 120000, Bittrex, 
20170403, 130000, Bittrex, 
20170403, 140000, Bittrex, 
20170403, 150000, Bittrex, 
20170403, 160000, Bittrex, 
20170403, 170000, Bittrex, 
20170403, 180000, Bittrex, 
20170403, 190000, Bittrex, 
20170403, 200000, Bittrex, 
20170403, 210000, Bittrex, 
20170403, 220000, Bittrex, 
20170403, 230000, Bittrex, 
20170404, 000000, Bittrex, 
20170404, 010000, Bittrex, 
20170404, 020000, Bittrex, 
20170404, 030000, Bittrex, 
20170404, 040000, Bittrex, 
20170404, 050000, Bittrex, 
20170404, 060000, Bittrex, 
20170404, 070000, Bittrex, 
20170404, 080000, Bittrex, 
20170404, 090000, Bittrex, 
20170404, 100000, Bittrex, 
20170404, 110000, Bittrex, 
20170404, 120000, Bittrex, 
20170404, 130000, Bittrex, 
20170404, 150000, Bittrex, 
20170404, 160000, Bittrex, 
20170404, 170000, Bittrex, 
20170404, 180000, Bittrex, 
20170404, 190000, Bittrex, 
20170404, 200000, Bittrex, 
20170404, 210000, Bittrex, 
20170404, 220000, Bittrex, 
20170404, 230000, Bittrex, 
20170405, 000000, Bittrex, 
20170405, 010000, Bittrex, 
20170405, 020000, Bittrex, 
20170405, 030000, Bittrex, 
20170405, 040000, Bittrex, 
20170405, 050000, Bittrex, 
20170405, 060000, Bittrex, 
20170405, 070000, Bittrex, 
20170405, 080000, Bittrex, 
20170405, 090000, Bittrex, 
20170405, 100000, Bittrex, 
20170405, 110000, Bittrex, 
20170405, 120000, Bittrex, 
20170405, 130000, Bittrex, 
20170405, 140000, Bittrex, 
20170405, 150000, Bittrex, 
20170405, 160000, Bittrex, 
20170405, 170000, Bittrex, 
20170405, 180000, Bittrex, 
20170405, 190000, Bittrex, 
20170405, 200000, Bittrex, 
20170405, 210000, Bittrex, 
20170405, 220000, Bittrex, 
20170405, 230000, Bittrex, 
20170406, 000000, Bittrex, 
20170406, 010000, Bittrex, 
20170406, 020000, Bittrex, 
20170406, 030000, Bittrex, 
20170406, 040000, Bittrex, 
20170406, 050000, Bittrex, 
20170406, 060000, Bittrex, 
20170406, 070000, Bittrex, 
20170406, 080000, Bittrex, 
20170406, 090000, Bittrex, 
20170406, 100000, Bittrex, 
20170406, 110000, Bittrex, 
20170406, 120000, Bittrex, 
20170406, 130000, Bittrex, 
20170406, 140000, Bittrex, 
20170406, 150000, Bittrex, 
20170406, 160000, Bittrex, 
20170406, 170000, Bittrex, 
20170406, 180000, Bittrex, 
20170406, 190000, Bittrex, 
20170406, 200000, Bittrex, 
20170406, 210000, Bittrex, 
20170406, 220000, Bittrex, 
20170406, 230000, Bittrex, 
20170407, 000000, Bittrex, 
20170407, 010000, Bittrex, 
20170407, 020000, Bittrex, 
20170407, 030000, Bittrex, 
20170407, 040000, Bittrex, 
20170407, 050000, Bittrex, 
20170407, 060000, Bittrex, 
20170407, 070000, Bittrex, 
20170407, 080000, Bittrex, 
20170407, 090000, Bittrex, 
20170407, 100000, Bittrex, 
20170407, 110000, Bittrex, 
20170407, 120000, Bittrex, 
20170407, 130000, Bittrex, 
20170407, 140000, Bittrex, 
20170407, 150000, Bittrex, 
20170407, 160000, Bittrex, 
20170407, 170000, Bittrex, 
20170407, 180000, Bittrex, 
20170407, 190000, Bittrex, 
20170407, 200000, Bittrex, 
20170407, 210000, Bittrex, 
20170407, 220000, Bittrex, 
20170407, 230000, Bittrex, 
20170408, 000000, Bittrex, 
20170408, 010000, Bittrex, 
20170408, 020000, Bittrex, 
20170408, 030000, Bittrex, 
20170408, 040000, Bittrex, 
20170408, 050000, Bittrex, 
20170408, 060000, Bittrex, 
20170408, 070000, Bittrex, 
20170408, 080000, Bittrex, 
20170408, 090000, Bittrex, 
20170408, 100000, Bittrex, 
20170408, 110000, Bittrex, 
20170408, 120000, Bittrex, 
20170408, 130000, Bittrex, 
20170408, 140000, Bittrex, 
20170408, 150000, Bittrex, 
20170408, 160000, Bittrex, 
20170408, 170000, Bittrex, 
20170408, 180000, Bittrex, 
20170408, 190000, Bittrex, 
20170408, 200000, Bittrex, 
20170408, 210000, Bittrex, 
20170408, 220000, Bittrex, 
20170408, 230000, Bittrex, 
20170409, 000000, Bittrex, 
20170409, 010000, Bittrex, 
20170409, 020000, Bittrex, 
20170409, 030000, Bittrex, 
20170409, 040000, Bittrex, 
20170409, 050000, Bittrex, 
20170409, 060000, Bittrex, 
20170409, 070000, Bittrex, 
20170409, 080000, Bittrex, 
20170409, 090000, Bittrex, 
20170409, 100000, Bittrex, 
20170409, 110000, Bittrex, 
20170409, 120000, Bittrex, 
20170409, 130000, Bittrex, 
20170409, 140000, Bittrex, 
20170409, 150000, Bittrex, 
20170409, 160000, Bittrex, 
20170409, 170000, Bittrex, 
20170409, 180000, Bittrex, 
20170409, 190000, Bittrex, 
20170409, 200000, Bittrex, 
20170409, 210000, Bittrex, 
20170409, 220000, Bittrex, 
20170409, 230000, Bittrex, 
20170410, 000000, Bittrex, 
20170410, 010000, Bittrex, 
20170410, 020000, Bittrex, 
20170410, 030000, Bittrex, 
20170410, 040000, Bittrex, 
20170410, 050000, Bittrex, 
20170410, 060000, Bittrex, 
20170410, 070000, Bittrex, 
20170410, 080000, Bittrex, 
20170410, 090000, Bittrex, 
20170410, 100000, Bittrex, 
20170410, 110000, Bittrex, 
20170410, 120000, Bittrex, 
20170410, 130000, Bittrex, 
20170410, 140000, Bittrex, 
20170410, 150000, Bittrex, 
20170410, 160000, Bittrex, 
20170410, 170000, Bittrex, 
20170410, 180000, Bittrex, 
20170410, 190000, Bittrex, 
20170410, 200000, Bittrex, 
20170410, 210000, Bittrex, 
20170410, 220000, Bittrex, 
20170410, 230000, Bittrex, 
20170411, 000000, Bittrex, 
20170411, 010000, Bittrex, 
20170411, 020000, Bittrex, 
20170411, 030000, Bittrex, 
20170411, 040000, Bittrex, 
20170411, 050000, Bittrex, 
20170411, 060000, Bittrex, 
20170411, 070000, Bittrex, 
20170411, 080000, Bittrex, 
20170411, 090000, Bittrex, 
20170411, 100000, Bittrex, 
20170411, 110000, Bittrex, 
20170411, 120000, Bittrex, 
20170411, 130000, Bittrex, 
20170411, 140000, Bittrex, 
20170411, 150000, Bittrex, 
20170411, 160000, Bittrex, 
20170411, 170000, Bittrex, 
20170411, 180000, Bittrex, 
20170411, 190000, Bittrex, 
20170411, 200000, Bittrex, 
20170411, 210000, Bittrex, 
20170411, 220000, Bittrex, 
20170411, 230000, Bittrex, 
20170412, 000000, Bittrex, 
20170412, 010000, Bittrex, 
20170412, 020000, Bittrex, 
20170412, 030000, Bittrex, 
20170412, 040000, Bittrex, 
20170412, 050000, Bittrex, 
20170412, 060000, Bittrex, 
20170412, 070000, Bittrex, 
20170412, 080000, Bittrex, 
20170412, 090000, Bittrex, 
20170412, 100000, Bittrex, 
20170412, 110000, Bittrex, 
20170412, 120000, Bittrex, 
20170412, 130000, Bittrex, 
20170412, 140000, Bittrex, 
20170412, 150000, Bittrex, 
20170412, 160000, Bittrex, 
20170412, 170000, Bittrex, 
20170412, 180000, Bittrex, 
20170412, 190000, Bittrex, 
20170412, 200000, Bittrex, 
20170412, 210000, Bittrex, 
20170412, 220000, Bittrex, 
20170412, 230000, Bittrex, 
20170413, 000000, Bittrex, 
20170413, 010000, Bittrex, 
20170413, 020000, Bittrex, 
20170413, 030000, Bittrex, 
20170413, 040000, Bittrex, 
20170413, 050000, Bittrex, 
20170413, 060000, Bittrex, 
20170413, 070000, Bittrex, 
20170413, 080000, Bittrex, 
20170413, 090000, Bittrex, 
20170413, 100000, Bittrex, 
20170413, 110000, Bittrex, 
20170413, 120000, Bittrex, 
20170413, 130000, Bittrex, 
20170413, 140000, Bittrex, 
20170413, 150000, Bittrex, 
20170413, 160000, Bittrex, 
20170413, 170000, Bittrex, 
20170413, 180000, Bittrex, 
20170413, 190000, Bittrex, 
20170413, 200000, Bittrex, 
20170413, 210000, Bittrex, 
20170413, 220000, Bittrex, 
20170413, 230000, Bittrex, 
20170414, 000000, Bittrex, 
20170414, 010000, Bittrex, 
20170414, 020000, Bittrex, 
20170414, 030000, Bittrex, 
20170414, 040000, Bittrex, 
20170414, 050000, Bittrex, 
20170414, 060000, Bittrex, 
20170414, 070000, Bittrex, 
20170414, 080000, Bittrex, 
20170414, 090000, Bittrex, 
20170414, 100000, Bittrex, 
20170414, 110000, Bittrex, 
20170414, 120000, Bittrex, 
20170414, 130000, Bittrex, 
20170414, 140000, Bittrex, 
20170414, 150000, Bittrex, 
20170414, 160000, Bittrex, 
20170414, 170000, Bittrex, 
20170414, 180000, Bittrex, 
20170414, 190000, Bittrex, 
20170414, 200000, Bittrex, 
20170414, 210000, Bittrex, 
20170414, 220000, Bittrex, 
20170414, 230000, Bittrex, 
20170415, 000000, Bittrex, 
20170415, 010000, Bittrex, 
20170415, 020000, Bittrex, 
20170415, 030000, Bittrex, 
20170415, 040000, Bittrex, 
20170415, 050000, Bittrex, 
20170415, 060000, Bittrex, 
20170415, 070000, Bittrex, 
20170415, 080000, Bittrex, 
20170415, 090000, Bittrex, 
20170415, 100000, Bittrex, 
20170415, 110000, Bittrex, 
20170415, 120000, Bittrex, 
20170415, 130000, Bittrex, 
20170415, 140000, Bittrex, 
20170415, 150000, Bittrex, 
20170415, 160000, Bittrex, 
20170415, 170000, Bittrex, 
20170415, 180000, Bittrex, 
20170415, 190000, Bittrex, 
20170415, 200000, Bittrex, 
20170415, 210000, Bittrex, 
20170415, 220000, Bittrex, 
20170415, 230000, Bittrex, 
20170416, 000000, Bittrex, 
20170416, 010000, Bittrex, 
20170416, 020000, Bittrex, 
20170416, 030000, Bittrex, 
20170416, 040000, Bittrex, 
20170416, 050000, Bittrex, 
20170416, 060000, Bittrex, 
20170416, 070000, Bittrex, 
20170416, 080000, Bittrex, 
20170416, 090000, Bittrex, 
20170416, 100000, Bittrex, 
20170416, 110000, Bittrex, 
20170416, 120000, Bittrex, 
20170416, 130000, Bittrex, 
20170416, 140000, Bittrex, 
20170416, 150000, Bittrex, 
20170416, 160000, Bittrex, 
20170416, 170000, Bittrex, 
20170416, 180000, Bittrex, 
20170416, 190000, Bittrex, 
20170416, 200000, Bittrex, 
20170416, 210000, Bittrex, 
20170416, 220000, Bittrex, 
20170416, 230000, Bittrex, 
20170417, 000000, Bittrex, 
20170417, 010000, Bittrex, 
20170417, 020000, Bittrex, 
20170417, 030000, Bittrex, 
20170417, 040000, Bittrex, 
20170417, 050000, Bittrex, 
20170417, 060000, Bittrex, 
20170417, 070000, Bittrex, 
20170417, 080000, Bittrex, 
20170417, 090000, Bittrex, 
20170417, 100000, Bittrex, 
20170417, 110000, Bittrex, 
20170417, 120000, Bittrex, 
20170417, 130000, Bittrex, 
20170417, 140000, Bittrex, 
20170417, 150000, Bittrex, 
20170417, 160000, Bittrex, 
20170417, 170000, Bittrex, 
20170417, 180000, Bittrex, 
20170417, 190000, Bittrex, 
20170417, 200000, Bittrex, 
20170417, 210000, Bittrex, 
20170417, 220000, Bittrex, 
20170417, 230000, Bittrex, 
20170418, 000000, Bittrex, 
20170418, 010000, Bittrex, 
20170418, 020000, Bittrex, 
20170418, 030000, Bittrex, 
20170418, 040000, Bittrex, 
20170418, 050000, Bittrex, 
20170418, 060000, Bittrex, 
20170418, 070000, Bittrex, 
20170418, 080000, Bittrex, 
20170418, 090000, Bittrex, 
20170418, 100000, Bittrex, 
20170418, 110000, Bittrex, 
20170418, 120000, Bittrex, 
20170418, 130000, Bittrex, 
20170418, 140000, Bittrex, 
20170418, 150000, Bittrex, 
20170418, 160000, Bittrex, 
20170418, 170000, Bittrex, 
20170418, 180000, Bittrex, 
20170418, 190000, Bittrex, 
20170418, 200000, Bittrex, 
20170418, 210000, Bittrex, 
20170418, 220000, Bittrex, 
20170418, 230000, Bittrex, 
20170419, 000000, Bittrex, 
20170419, 010000, Bittrex, 
20170419, 020000, Bittrex, 
20170419, 030000, Bittrex, 
20170419, 040000, Bittrex, 
20170419, 050000, Bittrex, 
20170419, 060000, Bittrex, 
20170419, 070000, Bittrex, 
20170419, 080000, Bittrex, 
20170419, 090000, Bittrex, 
20170419, 100000, Bittrex, 
20170419, 110000, Bittrex, 
20170419, 120000, Bittrex, 
20170419, 130000, Bittrex, 
20170419, 140000, Bittrex, 
20170419, 150000, Bittrex, 
20170419, 160000, Bittrex, 
20170419, 170000, Bittrex, 
20170419, 180000, Bittrex, 
20170419, 190000, Bittrex, 
20170419, 200000, Bittrex, 
20170419, 210000, Bittrex, 
20170419, 220000, Bittrex, 
20170419, 230000, Bittrex, 
20170420, 000000, Bittrex, 
20170420, 010000, Bittrex, 
20170420, 020000, Bittrex, 
20170420, 030000, Bittrex, 
20170420, 040000, Bittrex, 
20170420, 050000, Bittrex, 
20170420, 060000, Bittrex, 
20170420, 070000, Bittrex, 
20170420, 080000, Bittrex, 
20170420, 090000, Bittrex, 
20170420, 100000, Bittrex, 
20170420, 110000, Bittrex, 
20170420, 120000, Bittrex, 
20170420, 130000, Bittrex, 
20170420, 140000, Bittrex, 
20170420, 150000, Bittrex, 
20170420, 160000, Bittrex, 
20170420, 170000, Bittrex, 
20170420, 180000, Bittrex, 
20170420, 190000, Bittrex, 
20170420, 200000, Bittrex, 
20170420, 210000, Bittrex, 
20170420, 220000, Bittrex, 
20170420, 230000, Bittrex, 
20170421, 000000, Bittrex, 
20170421, 010000, Bittrex, 
20170421, 020000, Bittrex, 
20170421, 030000, Bittrex, 
20170421, 040000, Bittrex, 
20170421, 050000, Bittrex, 
20170421, 060000, Bittrex, 
20170421, 070000, Bittrex, 
20170421, 080000, Bittrex, 
20170421, 090000, Bittrex, 
20170421, 100000, Bittrex, 
20170421, 110000, Bittrex, 
20170421, 120000, Bittrex, 
20170421, 140000, Bittrex, 
20170421, 150000, Bittrex, 
20170421, 160000, Bittrex, 
20170421, 170000, Bittrex, 
20170421, 180000, Bittrex, 
20170421, 190000, Bittrex, 
20170421, 200000, Bittrex, 
20170421, 210000, Bittrex, 
20170421, 220000, Bittrex, 
20170421, 230000, Bittrex, 
20170422, 000000, Bittrex, 
20170422, 010000, Bittrex, 
20170422, 020000, Bittrex, 
20170422, 030000, Bittrex, 
20170422, 040000, Bittrex, 
20170422, 050000, Bittrex, 
20170422, 060000, Bittrex, 
20170422, 070000, Bittrex, 
20170422, 080000, Bittrex, 
20170422, 090000, Bittrex, 
20170422, 100000, Bittrex, 
20170422, 110000, Bittrex, 
20170422, 120000, Bittrex, 
20170422, 130000, Bittrex, 
20170422, 140000, Bittrex, 
20170422, 150000, Bittrex, 
20170422, 160000, Bittrex, 
20170422, 170000, Bittrex, 
20170422, 180000, Bittrex, 
20170422, 190000, Bittrex, 
20170422, 200000, Bittrex, 
20170422, 210000, Bittrex, 
20170422, 220000, Bittrex, 
20170422, 230000, Bittrex, 
20170423, 000000, Bittrex, 
20170423, 010000, Bittrex, 
20170423, 020000, Bittrex, 
20170423, 030000, Bittrex, 
20170423, 040000, Bittrex, 
20170423, 050000, Bittrex, 
20170423, 060000, Bittrex, 
20170423, 070000, Bittrex, 
20170423, 080000, Bittrex, 
20170423, 090000, Bittrex, 
20170423, 100000, Bittrex, 
20170423, 110000, Bittrex, 
20170423, 120000, Bittrex, 
20170423, 130000, Bittrex, 
20170423, 140000, Bittrex, 
20170423, 150000, Bittrex, 
20170423, 160000, Bittrex, 
20170423, 170000, Bittrex, 
20170423, 180000, Bittrex, 
20170423, 190000, Bittrex, 
20170423, 200000, Bittrex, 
20170423, 210000, Bittrex, 
20170423, 220000, Bittrex, 
20170423, 230000, Bittrex, 
20170424, 000000, Bittrex, 
20170424, 010000, Bittrex, 
20170424, 020000, Bittrex, 
20170424, 030000, Bittrex, 
20170424, 040000, Bittrex, 
20170424, 050000, Bittrex, 
20170424, 060000, Bittrex, 
20170424, 070000, Bittrex, 
20170424, 080000, Bittrex, 
20170424, 090000, Bittrex, 
20170424, 100000, Bittrex, 
20170424, 110000, Bittrex, 
20170424, 120000, Bittrex, 
20170424, 130000, Bittrex, 
20170424, 140000, Bittrex, 
20170424, 150000, Bittrex, 
20170424, 160000, Bittrex, 
20170424, 170000, Bittrex, 
20170424, 180000, Bittrex, 
20170424, 190000, Bittrex, 
20170424, 200000, Bittrex, 
20170424, 210000, Bittrex, 
20170424, 220000, Bittrex, 
20170424, 230000, Bittrex, 
20170425, 000000, Bittrex, 
20170425, 010000, Bittrex, 
20170425, 020000, Bittrex, 
20170425, 030000, Bittrex, 
20170425, 040000, Bittrex, 
20170425, 050000, Bittrex, 
20170425, 060000, Bittrex, 
20170425, 070000, Bittrex, 
20170425, 080000, Bittrex, 
20170425, 090000, Bittrex, 
20170425, 100000, Bittrex, 
20170425, 110000, Bittrex, 
20170425, 120000, Bittrex, 
20170425, 130000, Bittrex, 
20170425, 140000, Bittrex, 
20170425, 150000, Bittrex, 
20170425, 160000, Bittrex, 
20170425, 170000, Bittrex, 
20170425, 180000, Bittrex, 
20170425, 190000, Bittrex, 
20170425, 200000, Bittrex, 
20170425, 210000, Bittrex, 
20170425, 220000, Bittrex, 
20170425, 230000, Bittrex, 
20170426, 000000, Bittrex, 
20170426, 010000, Bittrex, 
20170426, 020000, Bittrex, 
20170426, 030000, Bittrex, 
20170426, 040000, Bittrex, 
20170426, 050000, Bittrex, 
20170426, 060000, Bittrex, 
20170426, 070000, Bittrex, 
20170426, 080000, Bittrex, 
20170426, 090000, Bittrex, 
20170426, 100000, Bittrex, 
20170426, 110000, Bittrex, 
20170426, 120000, Bittrex, 
20170426, 130000, Bittrex, 
20170426, 140000, Bittrex, 
20170426, 150000, Bittrex, 
20170426, 160000, Bittrex, 
20170426, 170000, Bittrex, 
20170426, 180000, Bittrex, 
20170426, 190000, Bittrex, 
20170426, 200000, Bittrex, 
20170426, 210000, Bittrex, 
20170426, 220000, Bittrex, 
20170426, 230000, Bittrex, 
20170427, 000000, Bittrex, 
20170427, 010000, Bittrex, 
20170427, 020000, Bittrex, 
20170427, 030000, Bittrex, 
20170427, 040000, Bittrex, 
20170427, 050000, Bittrex, 
20170427, 060000, Bittrex, 
20170427, 070000, Bittrex, 
20170427, 080000, Bittrex, 
20170427, 090000, Bittrex, 
20170427, 100000, Bittrex, 
20170427, 110000, Bittrex, 
20170427, 120000, Bittrex, 
20170427, 130000, Bittrex, 
20170427, 140000, Bittrex, 
20170427, 150000, Bittrex, 
20170427, 160000, Bittrex, 
20170427, 170000, Bittrex, 
20170427, 180000, Bittrex, 
20170427, 190000, Bittrex, 
20170427, 200000, Bittrex, 
20170427, 210000, Bittrex, 
20170427, 220000, Bittrex, 
20170427, 230000, Bittrex, 
20170428, 000000, Bittrex, 
20170428, 010000, Bittrex, 
20170428, 020000, Bittrex, 
20170428, 030000, Bittrex, 
20170428, 040000, Bittrex, 
20170428, 050000, Bittrex, 
20170428, 060000, Bittrex, 
20170428, 070000, Bittrex, 
20170428, 080000, Bittrex, 
20170428, 090000, Bittrex, 
20170428, 100000, Bittrex, 
20170428, 110000, Bittrex, 
20170428, 120000, Bittrex, 
20170428, 130000, Bittrex, 
20170428, 140000, Bittrex, 
20170428, 150000, Bittrex, 
20170428, 160000, Bittrex, 
20170428, 170000, Bittrex, 
20170428, 180000, Bittrex, 
20170428, 190000, Bittrex, 
20170428, 200000, Bittrex, 
20170428, 210000, Bittrex, 
20170428, 220000, Bittrex, 
20170428, 230000, Bittrex, 
20170429, 000000, Bittrex, 
20170429, 010000, Bittrex, 
20170429, 020000, Bittrex, 
20170429, 030000, Bittrex, 
20170429, 040000, Bittrex, 
20170429, 050000, Bittrex, 
20170429, 060000, Bittrex, 
20170429, 070000, Bittrex, 
20170429, 080000, Bittrex, 
20170429, 090000, Bittrex, 
20170429, 100000, Bittrex, 
20170429, 110000, Bittrex, 
20170429, 120000, Bittrex, 
20170429, 130000, Bittrex, 
20170429, 140000, Bittrex, 
20170429, 150000, Bittrex, 
20170429, 160000, Bittrex, 
20170429, 170000, Bittrex, 
20170429, 180000, Bittrex, 
20170429, 190000, Bittrex, 
20170429, 200000, Bittrex, 
20170429, 210000, Bittrex, 
20170429, 220000, Bittrex, 
20170429, 230000, Bittrex, 
20170430, 000000, Bittrex, 
20170430, 010000, Bittrex, 
20170430, 020000, Bittrex, 
20170430, 030000, Bittrex, 
20170430, 040000, Bittrex, 
20170430, 050000, Bittrex, 
20170430, 060000, Bittrex, 
20170430, 070000, Bittrex, 
20170430, 080000, Bittrex, 
20170430, 090000, Bittrex, 
20170430, 100000, Bittrex, 
20170430, 110000, Bittrex, 
20170430, 120000, Bittrex, 
20170430, 130000, Bittrex, 
20170430, 140000, Bittrex, 
20170430, 150000, Bittrex, 
20170430, 160000, Bittrex, 
20170430, 170000, Bittrex, 
20170430, 180000, Bittrex, 
20170430, 190000, Bittrex, 
20170430, 200000, Bittrex, 
20170430, 210000, Bittrex, 
20170430, 220000, Bittrex, 
20170430, 230000, Bittrex, 
20170501, 000000, Bittrex, 
20170501, 010000, Bittrex, 
20170501, 020000, Bittrex, 
20170501, 030000, Bittrex, 
20170501, 040000, Bittrex, 
20170501, 050000, Bittrex, 
20170501, 060000, Bittrex, 
20170501, 070000, Bittrex, 
20170501, 080000, Bittrex, 
20170501, 090000, Bittrex, 
20170501, 100000, Bittrex, 
20170501, 110000, Bittrex, 
20170501, 120000, Bittrex, 
20170501, 130000, Bittrex, 
20170501, 140000, Bittrex, 
20170501, 150000, Bittrex, 
20170501, 160000, Bittrex, 
20170501, 170000, Bittrex, 
20170501, 180000, Bittrex, 
20170501, 190000, Bittrex, 
20170501, 200000, Bittrex, 
20170501, 210000, Bittrex, 
20170501, 220000, Bittrex, 
20170501, 230000, Bittrex, 
20170502, 000000, Bittrex, 
20170502, 010000, Bittrex, 
20170502, 020000, Bittrex, 
20170502, 030000, Bittrex, 
20170502, 040000, Bittrex, 
20170502, 050000, Bittrex, 
20170502, 060000, Bittrex, 
20170502, 070000, Bittrex, 
20170502, 080000, Bittrex, 
20170502, 090000, Bittrex, 
20170502, 100000, Bittrex, 
20170502, 110000, Bittrex, 
20170502, 120000, Bittrex, 
20170502, 130000, Bittrex, 
20170502, 140000, Bittrex, 
20170502, 150000, Bittrex, 
20170502, 160000, Bittrex, 
20170502, 170000, Bittrex, 
20170502, 180000, Bittrex, 
20170502, 190000, Bittrex, 
20170502, 200000, Bittrex, 
20170502, 210000, Bittrex, 
20170502, 220000, Bittrex, 
20170502, 230000, Bittrex, 
20170503, 000000, Bittrex, 
20170503, 010000, Bittrex, 
20170503, 020000, Bittrex, 
20170503, 030000, Bittrex, 
20170503, 040000, Bittrex, 
20170503, 050000, Bittrex, 
20170503, 060000, Bittrex, 
20170503, 070000, Bittrex, 
20170503, 080000, Bittrex, 
20170503, 090000, Bittrex, 
20170503, 100000, Bittrex, 
20170503, 110000, Bittrex, 
20170503, 120000, Bittrex, 
20170503, 130000, Bittrex, 
20170503, 140000, Bittrex, 
20170503, 150000, Bittrex, 
20170503, 160000, Bittrex, 
20170503, 170000, Bittrex, 
20170503, 180000, Bittrex, 
20170503, 190000, Bittrex, 
20170503, 200000, Bittrex, 
20170503, 210000, Bittrex, 
20170503, 220000, Bittrex, 
20170503, 230000, Bittrex, 
20170504, 000000, Bittrex, 
20170504, 010000, Bittrex, 
20170504, 020000, Bittrex, 
20170504, 030000, Bittrex, 
20170504, 040000, Bittrex, 
20170504, 050000, Bittrex, 
20170504, 060000, Bittrex, 
20170504, 070000, Bittrex, 
20170504, 080000, Bittrex, 
20170504, 090000, Bittrex, 
20170504, 100000, Bittrex, 
20170504, 110000, Bittrex, 
20170504, 120000, Bittrex, 
20170504, 130000, Bittrex, 
20170504, 140000, Bittrex, 
20170504, 150000, Bittrex, 
20170504, 160000, Bittrex, 
20170504, 170000, Bittrex, 
20170504, 180000, Bittrex, 
20170504, 190000, Bittrex, 
20170504, 200000, Bittrex, 
20170504, 210000, Bittrex, 
20170504, 220000, Bittrex, 
20170504, 230000, Bittrex, 
20170505, 000000, Bittrex, 
20170505, 010000, Bittrex, 
20170505, 020000, Bittrex, 
20170505, 030000, Bittrex, 
20170505, 040000, Bittrex, 
20170505, 050000, Bittrex, 
20170505, 060000, Bittrex, 
20170505, 070000, Bittrex, 
20170505, 080000, Bittrex, 
20170505, 100000, Bittrex, 
20170505, 110000, Bittrex, 
20170505, 120000, Bittrex, 
20170505, 130000, Bittrex, 
20170505, 140000, Bittrex, 
20170505, 150000, Bittrex, 
20170505, 160000, Bittrex, 
20170505, 170000, Bittrex, 
20170505, 180000, Bittrex, 
20170505, 190000, Bittrex, 
20170505, 200000, Bittrex, 
20170505, 210000, Bittrex, 
20170505, 220000, Bittrex, 
20170505, 230000, Bittrex, 
20170506, 000000, Bittrex, 
20170506, 010000, Bittrex, 
20170506, 020000, Bittrex, 
20170506, 030000, Bittrex, 
20170506, 040000, Bittrex, 
20170506, 050000, Bittrex, 
20170506, 060000, Bittrex, 
20170506, 070000, Bittrex, 
20170506, 080000, Bittrex, 
20170506, 090000, Bittrex, 
20170506, 100000, Bittrex, 
20170506, 110000, Bittrex, 
20170506, 120000, Bittrex, 
20170506, 130000, Bittrex, 
20170506, 140000, Bittrex, 
20170506, 150000, Bittrex, 
20170506, 160000, Bittrex, 
20170506, 170000, Bittrex, 
20170506, 180000, Bittrex, 
20170506, 190000, Bittrex, 
20170506, 200000, Bittrex, 
20170506, 210000, Bittrex, 
20170506, 220000, Bittrex, 
20170506, 230000, Bittrex, 
20170507, 000000, Bittrex, 
20170507, 010000, Bittrex, 
20170507, 020000, Bittrex, 
20170507, 030000, Bittrex, 
20170507, 040000, Bittrex, 
20170507, 050000, Bittrex, 
20170507, 060000, Bittrex, 
20170507, 070000, Bittrex, 
20170507, 080000, Bittrex, 
20170507, 090000, Bittrex, 
20170507, 100000, Bittrex, 
20170507, 110000, Bittrex, 
20170507, 120000, Bittrex, 
20170507, 130000, Bittrex, 
20170507, 140000, Bittrex, 
20170507, 150000, Bittrex, 
20170507, 160000, Bittrex, 
20170507, 170000, Bittrex, 
20170507, 180000, Bittrex, 
20170507, 190000, Bittrex, 
20170507, 200000, Bittrex, 
20170507, 210000, Bittrex, 
20170507, 220000, Bittrex, 
20170507, 230000, Bittrex, 
20170508, 000000, Bittrex, 
20170508, 010000, Bittrex, 
20170508, 020000, Bittrex, 
20170508, 030000, Bittrex, 
20170508, 040000, Bittrex, 
20170508, 050000, Bittrex, 
20170508, 060000, Bittrex, 
20170508, 070000, Bittrex, 
20170508, 080000, Bittrex, 
20170508, 090000, Bittrex, 
20170508, 100000, Bittrex, 
20170508, 110000, Bittrex, 
20170508, 120000, Bittrex, 
20170508, 130000, Bittrex, 
20170508, 140000, Bittrex, 
20170508, 150000, Bittrex, 
20170508, 160000, Bittrex, 
20170508, 170000, Bittrex, 
20170508, 180000, Bittrex, 
20170508, 190000, Bittrex, 
20170508, 200000, Bittrex, 
20170508, 210000, Bittrex, 
20170508, 220000, Bittrex, 
20170508, 230000, Bittrex, 
20170509, 000000, Bittrex, 
20170509, 010000, Bittrex, 
20170509, 020000, Bittrex, 
20170509, 030000, Bittrex, 
20170509, 040000, Bittrex, 
20170509, 050000, Bittrex, 
20170509, 060000, Bittrex, 
20170509, 070000, Bittrex, 
20170509, 080000, Bittrex, 
20170509, 090000, Bittrex, 
20170509, 100000, Bittrex, 
20170509, 110000, Bittrex, 
20170509, 120000, Bittrex, 
20170509, 130000, Bittrex, 
20170509, 140000, Bittrex, 
20170509, 150000, Bittrex, 
20170509, 160000, Bittrex, 
20170509, 170000, Bittrex, 
20170509, 180000, Bittrex, 
20170509, 190000, Bittrex, 
20170509, 200000, Bittrex, 
20170509, 210000, Bittrex, 
20170509, 220000, Bittrex, 
20170509, 230000, Bittrex, 
20170510, 000000, Bittrex, 
20170510, 010000, Bittrex, 
20170510, 020000, Bittrex, 
20170510, 030000, Bittrex, 
20170510, 040000, Bittrex, 
20170510, 050000, Bittrex, 
20170510, 060000, Bittrex, 
20170510, 070000, Bittrex, 
20170510, 080000, Bittrex, 
20170510, 090000, Bittrex, 
20170510, 100000, Bittrex, 
20170510, 110000, Bittrex, 
20170510, 120000, Bittrex, 
20170510, 130000, Bittrex, 
20170510, 140000, Bittrex, 
20170510, 150000, Bittrex, 
20170510, 160000, Bittrex, 
20170510, 170000, Bittrex, 
20170510, 180000, Bittrex, 
20170510, 190000, Bittrex, 
20170510, 200000, Bittrex, 
20170510, 210000, Bittrex, 
20170510, 220000, Bittrex, 
20170510, 230000, Bittrex, 
20170511, 000000, Bittrex, 
20170511, 010000, Bittrex, 
20170511, 020000, Bittrex, 
20170511, 030000, Bittrex, 
20170511, 040000, Bittrex, 
20170511, 050000, Bittrex, 
20170511, 060000, Bittrex, 
20170511, 070000, Bittrex, 
20170511, 080000, Bittrex, 
20170511, 090000, Bittrex, 
20170511, 100000, Bittrex, 
20170511, 110000, Bittrex, 
20170511, 120000, Bittrex, 
20170511, 130000, Bittrex, 
20170511, 140000, Bittrex, 
20170511, 150000, Bittrex, 
20170511, 160000, Bittrex, 
20170511, 170000, Bittrex, 
20170511, 180000, Bittrex, 
20170511, 190000, Bittrex, 
20170511, 200000, Bittrex, 
20170511, 210000, Bittrex, 
20170511, 220000, Bittrex, 
20170511, 230000, Bittrex, 
20170512, 000000, Bittrex, 
20170512, 010000, Bittrex, 
20170512, 020000, Bittrex, 
20170512, 030000, Bittrex, 
20170512, 040000, Bittrex, 
20170512, 050000, Bittrex, 
20170512, 060000, Bittrex, 
20170512, 070000, Bittrex, 
20170512, 080000, Bittrex, 
20170512, 090000, Bittrex, 
20170512, 100000, Bittrex, 
20170512, 110000, Bittrex, 
20170512, 120000, Bittrex, 
20170512, 130000, Bittrex, 
20170512, 140000, Bittrex, 
20170512, 150000, Bittrex, 
20170512, 160000, Bittrex, 
20170512, 170000, Bittrex, 
20170512, 180000, Bittrex, 
20170512, 190000, Bittrex, 
20170512, 200000, Bittrex, 
20170512, 210000, Bittrex, 
20170512, 220000, Bittrex, 
20170512, 230000, Bittrex, 
20170513, 000000, Bittrex, 
20170513, 010000, Bittrex, 
20170513, 020000, Bittrex, 
20170513, 030000, Bittrex, 
20170513, 040000, Bittrex, 
20170513, 050000, Bittrex, 
20170513, 060000, Bittrex, 
20170513, 070000, Bittrex, 
20170513, 080000, Bittrex, 
20170513, 090000, Bittrex, 
20170513, 100000, Bittrex, 
20170513, 110000, Bittrex, 
20170513, 120000, Bittrex, 
20170513, 130000, Bittrex, 
20170513, 140000, Bittrex, 
20170513, 150000, Bittrex, 
20170513, 160000, Bittrex, 
20170513, 170000, Bittrex, 
20170513, 180000, Bittrex, 
20170513, 190000, Bittrex, 
20170513, 200000, Bittrex, 
20170513, 210000, Bittrex, 
20170513, 220000, Bittrex, 
20170513, 230000, Bittrex, 
20170514, 000000, Bittrex, 
20170514, 010000, Bittrex, 
20170514, 020000, Bittrex, 
20170514, 030000, Bittrex, 
20170514, 040000, Bittrex, 
20170514, 050000, Bittrex, 
20170514, 060000, Bittrex, 
20170514, 070000, Bittrex, 
20170514, 080000, Bittrex, 
20170514, 090000, Bittrex, 
20170514, 100000, Bittrex, 
20170514, 110000, Bittrex, 
20170514, 120000, Bittrex, 
20170514, 130000, Bittrex, 
20170514, 140000, Bittrex, 
20170514, 150000, Bittrex, 
20170514, 160000, Bittrex, 
20170514, 170000, Bittrex, 
20170514, 180000, Bittrex, 
20170514, 190000, Bittrex, 
20170514, 200000, Bittrex, 
20170514, 210000, Bittrex, 
20170514, 220000, Bittrex, 
20170514, 230000, Bittrex, 
20170515, 000000, Bittrex, 
20170515, 010000, Bittrex, 
20170515, 020000, Bittrex, 
20170515, 030000, Bittrex, 
20170515, 040000, Bittrex, 
20170515, 050000, Bittrex, 
20170515, 060000, Bittrex, 
20170515, 070000, Bittrex, 
20170515, 080000, Bittrex, 
20170515, 090000, Bittrex, 
20170515, 100000, Bittrex, 
20170515, 110000, Bittrex, 
20170515, 120000, Bittrex, 
20170515, 130000, Bittrex, 
20170515, 140000, Bittrex, 
20170515, 150000, Bittrex, 
20170515, 160000, Bittrex, 
20170515, 170000, Bittrex, 
20170515, 180000, Bittrex, 
20170515, 190000, Bittrex, 
20170515, 200000, Bittrex, 
20170515, 210000, Bittrex, 
20170515, 220000, Bittrex, 
20170515, 230000, Bittrex, 
20170516, 000000, Bittrex, 
20170516, 010000, Bittrex, 
20170516, 020000, Bittrex, 
20170516, 030000, Bittrex, 
20170516, 040000, Bittrex, 
20170516, 050000, Bittrex, 
20170516, 060000, Bittrex, 
20170516, 070000, Bittrex, 
20170516, 080000, Bittrex, 
20170516, 090000, Bittrex, 
20170516, 100000, Bittrex, 
20170516, 110000, Bittrex, 
20170516, 120000, Bittrex, 
20170516, 130000, Bittrex, 
20170516, 140000, Bittrex, 
20170516, 150000, Bittrex, 
20170516, 160000, Bittrex, 
20170516, 170000, Bittrex, 
20170516, 180000, Bittrex, 
20170516, 190000, Bittrex, 
20170516, 200000, Bittrex, 
20170516, 210000, Bittrex, 
20170516, 220000, Bittrex, 
20170516, 230000, Bittrex, 
20170517, 000000, Bittrex, 
20170517, 010000, Bittrex, 
20170517, 020000, Bittrex, 
20170517, 030000, Bittrex, 
20170517, 040000, Bittrex, 
20170517, 050000, Bittrex, 
20170517, 060000, Bittrex, 
20170517, 070000, Bittrex, 
20170517, 080000, Bittrex, 
20170517, 090000, Bittrex, 
20170517, 100000, Bittrex, 
20170517, 110000, Bittrex, 
20170517, 120000, Bittrex, 
20170517, 130000, Bittrex, 
20170517, 140000, Bittrex, 
20170517, 150000, Bittrex, 
20170517, 160000, Bittrex, 
20170517, 170000, Bittrex, 
20170517, 180000, Bittrex, 
20170517, 190000, Bittrex, 
20170517, 200000, Bittrex, 
20170517, 210000, Bittrex, 
20170517, 220000, Bittrex, 
20170517, 230000, Bittrex, 
20170518, 000000, Bittrex, 
20170518, 010000, Bittrex, 
20170518, 020000, Bittrex, 
20170518, 030000, Bittrex, 
20170518, 040000, Bittrex, 
20170518, 050000, Bittrex, 
20170518, 060000, Bittrex, 
20170518, 070000, Bittrex, 
20170518, 080000, Bittrex, 
20170518, 090000, Bittrex, 
20170518, 100000, Bittrex, 
20170518, 110000, Bittrex, 
20170518, 120000, Bittrex, 
20170518, 130000, Bittrex, 
20170518, 140000, Bittrex, 
20170518, 150000, Bittrex, 
20170518, 160000, Bittrex, 
20170518, 170000, Bittrex, 
20170518, 180000, Bittrex, 
20170518, 190000, Bittrex, 
20170518, 200000, Bittrex, 
20170518, 210000, Bittrex, 
20170518, 220000, Bittrex, 
20170518, 230000, Bittrex, 
20170519, 000000, Bittrex, 
20170519, 010000, Bittrex, 
20170519, 020000, Bittrex, 
20170519, 030000, Bittrex, 
20170519, 040000, Bittrex, 
20170519, 050000, Bittrex, 
20170519, 060000, Bittrex, 
20170519, 070000, Bittrex, 
20170519, 080000, Bittrex, 
20170519, 090000, Bittrex, 
20170519, 100000, Bittrex, 
20170519, 110000, Bittrex, 
20170519, 120000, Bittrex, 
20170519, 130000, Bittrex, 
20170519, 140000, Bittrex, 
20170519, 150000, Bittrex, 
20170519, 160000, Bittrex, 
20170519, 170000, Bittrex, 
20170519, 180000, Bittrex, 
20170519, 190000, Bittrex, 
20170519, 200000, Bittrex, 
20170519, 210000, Bittrex, 
